9.120000000000000329e-02
3.341999999999999971e-01
5.072999999999999732e-01
6.451000000000000068e-01
7.033000000000000362e-01
7.223000000000000531e-01
7.425000000000000488e-01
7.500999999999999890e-01
7.669000000000000261e-01
7.677000000000000490e-01
7.885999999999999677e-01
7.897999999999999465e-01
8.068999999999999506e-01
8.068999999999999506e-01
8.158999999999999586e-01
8.164000000000000146e-01
8.228999999999999648e-01
8.239999999999999547e-01
8.290999999999999481e-01
8.316000000000000059e-01
8.363000000000000433e-01
8.355000000000000204e-01
8.386000000000000121e-01
8.417000000000000037e-01
8.420999999999999597e-01
8.468999999999999861e-01
8.465000000000000302e-01
8.512999999999999456e-01
8.504000000000000448e-01
8.547000000000000153e-01
8.527000000000000135e-01
8.574000000000000510e-01
8.549999999999999822e-01
8.599999999999999867e-01
8.578999999999999959e-01
8.637000000000000233e-01
8.605000000000000426e-01
8.647000000000000242e-01
8.632999999999999563e-01
8.673999999999999488e-01
8.659999999999999920e-01
8.687000000000000277e-01
8.673999999999999488e-01
8.700999999999999845e-01
8.692999999999999616e-01
8.717000000000000304e-01
8.706000000000000405e-01
8.726000000000000423e-01
8.721999999999999753e-01
8.732999999999999652e-01
8.740999999999999881e-01
8.752999999999999670e-01
8.757000000000000339e-01
8.761999999999999789e-01
8.774999999999999467e-01
8.777000000000000357e-01
8.783999999999999586e-01
8.791999999999999815e-01
8.794999999999999485e-01
8.791999999999999815e-01
8.803999999999999604e-01
8.788000000000000256e-01
8.807000000000000384e-01
8.800999999999999934e-01
8.809000000000000163e-01
8.810000000000000053e-01
8.819000000000000172e-01
8.817000000000000393e-01
8.830999999999999961e-01
8.820999999999999952e-01
8.837000000000000410e-01
8.828000000000000291e-01
8.840999999999999970e-01
8.836000000000000520e-01
8.848000000000000309e-01
8.849000000000000199e-01
8.860999999999999988e-01
8.859000000000000208e-01
8.867000000000000437e-01
8.863999999999999657e-01
8.875999999999999446e-01
8.870999999999999996e-01
8.884999999999999565e-01
8.877000000000000446e-01
8.888000000000000345e-01
8.885999999999999455e-01
8.892999999999999794e-01
8.893999999999999684e-01
8.898000000000000353e-01
8.895999999999999464e-01
8.902999999999999803e-01
8.902999999999999803e-01
8.908000000000000362e-01
8.908000000000000362e-01
8.909000000000000252e-01
8.911999999999999922e-01
8.912999999999999812e-01
8.921000000000000041e-01
8.920000000000000151e-01
8.924999999999999600e-01
8.921999999999999931e-01
8.924999999999999600e-01
8.925999999999999490e-01
8.921999999999999931e-01
8.929000000000000270e-01
8.924999999999999600e-01
8.930000000000000160e-01
8.929000000000000270e-01
8.932999999999999829e-01
8.931000000000000050e-01
8.934999999999999609e-01
8.932999999999999829e-01
8.937000000000000499e-01
8.939000000000000279e-01
8.937000000000000499e-01
8.942999999999999838e-01
8.942999999999999838e-01
8.947000000000000508e-01
8.950000000000000178e-01
8.951000000000000068e-01
8.953999999999999737e-01
8.953999999999999737e-01
8.954999999999999627e-01
8.957000000000000517e-01
8.958000000000000407e-01
8.958000000000000407e-01
8.960000000000000187e-01
8.963999999999999746e-01
8.961000000000000076e-01
8.967000000000000526e-01
8.965999999999999526e-01
8.970000000000000195e-01
8.968000000000000416e-01
8.970000000000000195e-01
8.970000000000000195e-01
8.971999999999999975e-01
8.973999999999999755e-01
8.973999999999999755e-01
8.975999999999999535e-01
8.971999999999999975e-01
8.974999999999999645e-01
8.973999999999999755e-01
8.977000000000000535e-01
8.974999999999999645e-01
8.980000000000000204e-01
8.978000000000000425e-01
8.983999999999999764e-01
8.985999999999999543e-01
8.989000000000000323e-01
8.989000000000000323e-01
8.991999999999999993e-01
