6.280286762540785048e+02
6.279166351631719181e+02
5.669928769174829313e+02
5.229502161828196449e+02
4.849484955202640322e+02
4.505918796591577689e+02
4.189692960052992703e+02
3.896141381539727604e+02
3.621889133545084292e+02
3.364458233525863307e+02
3.123173252887884246e+02
2.896272251647764051e+02
2.682227023289934209e+02
2.481290649747216719e+02
2.290942761676920441e+02
2.112747558134477686e+02
1.943924617791547576e+02
1.784433841269669472e+02
1.634457185384939919e+02
1.494289481226559815e+02
1.362416647253645294e+02
1.238564048452723796e+02
1.122825049711090770e+02
1.014447431267937958e+02
9.130937950982620066e+01
8.194341463547027615e+01
7.325354119381802320e+01
6.520228267834171731e+01
5.786461392302129525e+01
5.105519777172481355e+01
4.485010217260827403e+01
3.920376313759320652e+01
3.406439690128236464e+01
2.935907691327701130e+01
2.520432305800970596e+01
2.149760539194304343e+01
1.823326619777929025e+01
1.533276168391570238e+01
1.288328540342122963e+01
1.067705830322094940e+01
8.831866043241074493e+00
7.253448660475586784e+00
5.935181307145536600e+00
4.837419352005500883e+00
3.964624144284801588e+00
3.189052531024701320e+00
2.640344257461209931e+00
2.157662524369407642e+00
1.803660534059965181e+00
1.490538450393868786e+00
1.263762914031454798e+00
1.088501228058375681e+00
9.315902459146656600e-01
8.017134804571460771e-01
7.120575468318546264e-01
6.552535115230938567e-01
6.156419493643108254e-01
5.593351800304515731e-01
5.342309946963033074e-01
4.896879679017666076e-01
4.635902127132925377e-01
4.437196144244747176e-01
4.287400367681439839e-01
4.271613655943338195e-01
4.062619191719296641e-01
4.063166594828265255e-01
3.923306354171685051e-01
3.975346344795598896e-01
3.804433030813541006e-01
3.903769903795699103e-01
3.748000655222232247e-01
3.787300222392754323e-01
3.744423876352522829e-01
3.798879875955664676e-01
3.676315576321887435e-01
3.632748658678907616e-01
3.651487896482852324e-01
3.648952083424554793e-01
3.743332505297118917e-01
3.644070548557547529e-01
3.636134923803017727e-01
3.588178874102899152e-01
3.627749320115145060e-01
3.554131440169121525e-01
3.468035181693160940e-01
3.476561702135579357e-01
3.514055060932744778e-01
3.557418355145470223e-01
3.527288348751936309e-01
3.430089521616215831e-01
3.445600694221924165e-01
3.337780655383978945e-01
3.526006030711815731e-01
3.421672407300764274e-01
3.288585999615186717e-01
3.281560933456599272e-01
3.469492871098155962e-01
3.454854348623930815e-01
3.456153298122008888e-01
3.477523745856146431e-01
3.410152486099669034e-01
3.241364749736743711e-01
3.300388460793980960e-01
3.469096484516993040e-01
3.515615541628068774e-01
3.421146857871930624e-01
3.390195406114261956e-01
3.394168992154337761e-01
3.424112998723088941e-01
3.277990019426445523e-01
3.237723778315074186e-01
3.230191024681455803e-01
3.363642546005916611e-01
3.328842911949616568e-01
3.343280397332316078e-01
3.236230008757963184e-01
3.099112288479531907e-01
3.055695288384823738e-01
3.088874594841063970e-01
3.188618754109481812e-01
3.228353182216336381e-01
3.225295556836488275e-01
3.110673813044551594e-01
3.202984013456511292e-01
3.133137111683271803e-01
3.146963393589562452e-01
3.060041922111362833e-01
3.033748664682718310e-01
3.088364661260135091e-01
3.038638230849881050e-01
2.936359696821057574e-01
2.916820063250759043e-01
3.074666294290683277e-01
3.097858920351294620e-01
3.179160119884227309e-01
3.160345128607296994e-01
3.046116588689827265e-01
3.070528616919256937e-01
2.950465690068451163e-01
3.054275353560379491e-01
3.013101177001060726e-01
3.049313567677311987e-01
3.014505664639368088e-01
3.101658153972107757e-01
2.948756539778882857e-01
3.201991644210531174e-01
2.930101113433937199e-01
2.923971569052067343e-01
3.023329632839926728e-01
2.909406143053704374e-01
2.921453282866067203e-01
