2.109556433571286416e+00
1.691692073446055877e+00
1.417845631663327888e+00
1.184274524571900633e+00
1.023758345019753158e+00
9.141947638661003239e-01
8.213614726742677341e-01
7.569476251399418487e-01
6.893168628365284878e-01
6.513622649553054700e-01
5.941413102289416770e-01
5.686232948439595702e-01
5.252685035958388760e-01
5.088394517338405976e-01
4.764123164991182491e-01
4.636824986614920818e-01
4.390289172608506374e-01
4.272824865309515219e-01
4.083621126931833989e-01
3.982448987939834484e-01
3.832962328832066334e-01
3.741309828054242836e-01
3.621205005087417272e-01
3.524092688807046181e-01
3.443207224177272097e-01
3.346878666771471722e-01
3.276655015571711682e-01
3.178466859982818637e-01
3.126740947530676773e-01
3.033028495208882069e-01
2.991916715511529490e-01
2.902810959725853901e-01
2.870421813509527742e-01
2.789776641178251526e-01
2.758805300325745669e-01
2.688142481227130953e-01
2.659224289777853412e-01
2.594015914105512466e-01
2.568511388748968005e-01
2.507861068375755731e-01
2.486204265533633051e-01
2.429494267269728947e-01
2.413690999923700509e-01
2.355907457636330915e-01
2.343068634206754708e-01
2.290150743829018620e-01
2.278010412220553005e-01
2.231266188446260901e-01
2.220874110363106890e-01
2.174453332521339988e-01
2.165570424252507564e-01
2.125789295213236230e-01
2.114983210558476490e-01
2.079210624656515627e-01
2.067827551838727906e-01
2.034467781222402682e-01
2.022381525274066227e-01
1.994424061612499743e-01
1.981668711946729666e-01
1.957508920666988783e-01
1.943894249421538878e-01
1.922605891270299239e-01
1.908414433260456899e-01
1.889761479339744921e-01
1.875834141520407727e-01
1.859146119226349758e-01
1.844964252214691403e-01
1.829701199679260593e-01
1.815508177386001010e-01
1.801704980995395000e-01
1.788299923480267117e-01
1.775105564014134440e-01
1.762599677840581136e-01
1.750012971658587713e-01
1.738099002284678174e-01
1.726106806513826308e-01
1.714836110316850237e-01
1.703202118185627167e-01
1.692485860987789081e-01
1.681394366830422649e-01
1.671303679973063505e-01
1.660453720461396165e-01
1.650668187265563192e-01
1.640333876242614508e-01
1.630987541443520983e-01
1.620942439173547744e-01
1.612010654088757433e-01
1.602247993985600472e-01
1.593715070992903216e-01
1.584231683005999369e-01
1.575826595646300787e-01
1.566648998029703810e-01
1.558673196058616428e-01
1.549659000633276662e-01
1.541906577000267120e-01
1.533205047367709462e-01
1.525674510877236822e-01
1.517270790784910894e-01
1.509936331300538725e-01
1.501817129017666841e-01
1.494623445995004185e-01
1.486782869108603244e-01
1.479773883437709991e-01
1.472132363309375802e-01
1.465284999610298455e-01
1.457940141743692131e-01
1.451217581525487965e-01
1.444092246626373921e-01
1.437481651394006965e-01
1.430626111461317240e-01
1.424184514030575888e-01
1.417507920858819825e-01
1.411188284403218085e-01
1.404718115631312658e-01
1.398552717914638976e-01
1.392262890900579086e-01
1.386189325746965961e-01
1.380078263038125308e-01
1.374163447180052344e-01
1.368200780995549315e-01
1.362417094708635035e-01
1.356607109368642150e-01
1.350927263984704196e-01
1.345249398584391631e-01
1.339697054576592938e-01
1.334192372687699746e-01
1.328760896449145412e-01
1.323353559158166326e-01
1.318026183605207069e-01
1.312734460527637537e-01
1.307515226939139907e-01
1.302359610124339540e-01
1.297257852601586547e-01
1.292186601272714563e-01
1.287200666518487080e-01
1.282256969937753399e-01
1.277350651354688948e-01
1.272492382987727155e-01
1.267691340032413572e-01
1.262933834404674216e-01
1.258251422067278580e-01
1.253588324951364630e-01
1.248960418054940180e-01
1.244386511705641851e-01
1.239855873322434077e-01
1.235379774718802226e-01
1.230936448176064846e-01
1.226537278975363132e-01
1.222181763345557282e-01
1.217861271941100276e-01
1.213583485293285857e-01
