6.869999999999999718e-02
7.080000000000000182e-02
8.505000000000000338e-01
8.745000000000000551e-01
8.837000000000000410e-01
8.898000000000000353e-01
8.927000000000000490e-01
8.948000000000000398e-01
8.965999999999999526e-01
8.991999999999999993e-01
8.990000000000000213e-01
9.022999999999999909e-01
9.022000000000000020e-01
9.021000000000000130e-01
9.029000000000000359e-01
9.059000000000000385e-01
9.055999999999999606e-01
9.055999999999999606e-01
9.056999999999999496e-01
9.066999999999999504e-01
9.064999999999999725e-01
9.055999999999999606e-01
9.078000000000000513e-01
9.073999999999999844e-01
9.060000000000000275e-01
9.062999999999999945e-01
9.083999999999999853e-01
9.059000000000000385e-01
9.058000000000000496e-01
9.073999999999999844e-01
9.072999999999999954e-01
9.075999999999999623e-01
9.092999999999999972e-01
9.102000000000000091e-01
9.090000000000000302e-01
9.095999999999999641e-01
9.102999999999999980e-01
9.093999999999999861e-01
9.103999999999999870e-01
9.102000000000000091e-01
9.095999999999999641e-01
9.096999999999999531e-01
9.102000000000000091e-01
9.092000000000000082e-01
9.115999999999999659e-01
9.115999999999999659e-01
9.115999999999999659e-01
9.110000000000000320e-01
9.109000000000000430e-01
9.120000000000000329e-01
9.120000000000000329e-01
9.115999999999999659e-01
9.126999999999999558e-01
9.115999999999999659e-01
9.133000000000000007e-01
9.133999999999999897e-01
9.130000000000000338e-01
9.112999999999999989e-01
9.123999999999999888e-01
9.124999999999999778e-01
9.127999999999999448e-01
9.120000000000000329e-01
9.129000000000000448e-01
9.130000000000000338e-01
9.131000000000000227e-01
9.113999999999999879e-01
9.134999999999999787e-01
9.122999999999999998e-01
9.132000000000000117e-01
9.120000000000000329e-01
9.130000000000000338e-01
9.125999999999999668e-01
9.113999999999999879e-01
9.124999999999999778e-01
9.130000000000000338e-01
9.122999999999999998e-01
9.123999999999999888e-01
9.129000000000000448e-01
9.126999999999999558e-01
9.124999999999999778e-01
9.122999999999999998e-01
9.122000000000000108e-01
9.124999999999999778e-01
9.126999999999999558e-01
9.132000000000000117e-01
9.133000000000000007e-01
9.131000000000000227e-01
9.137999999999999456e-01
9.145999999999999686e-01
9.131000000000000227e-01
9.141000000000000236e-01
9.134999999999999787e-01
9.141000000000000236e-01
9.129000000000000448e-01
9.131000000000000227e-01
9.133000000000000007e-01
9.145999999999999686e-01
9.133000000000000007e-01
9.133000000000000007e-01
9.137999999999999456e-01
9.122000000000000108e-01
9.139000000000000457e-01
9.142000000000000126e-01
9.143999999999999906e-01
9.133999999999999897e-01
9.144999999999999796e-01
9.137999999999999456e-01
9.144999999999999796e-01
9.143000000000000016e-01
9.153999999999999915e-01
9.145999999999999686e-01
9.150000000000000355e-01
9.154999999999999805e-01
9.143999999999999906e-01
9.144999999999999796e-01
9.136999999999999567e-01
9.143000000000000016e-01
9.137999999999999456e-01
9.141000000000000236e-01
9.129000000000000448e-01
9.143999999999999906e-01
9.141000000000000236e-01
9.149000000000000465e-01
9.147999999999999465e-01
9.133000000000000007e-01
9.145999999999999686e-01
9.143999999999999906e-01
9.147999999999999465e-01
9.151000000000000245e-01
9.143999999999999906e-01
9.149000000000000465e-01
9.141000000000000236e-01
9.145999999999999686e-01
9.142000000000000126e-01
9.155999999999999694e-01
9.150000000000000355e-01
9.150000000000000355e-01
9.143000000000000016e-01
9.151000000000000245e-01
9.155999999999999694e-01
9.164999999999999813e-01
9.153000000000000025e-01
9.155999999999999694e-01
9.141000000000000236e-01
9.152000000000000135e-01
9.156999999999999584e-01
9.154999999999999805e-01
9.154999999999999805e-01
9.140000000000000346e-01
9.136999999999999567e-01
9.157999999999999474e-01
