2.196238134004583564e+00
2.185417597915645604e+00
3.262347024546707885e-01
2.244274463719594381e-01
1.841784671425950592e-01
1.621476735911954736e-01
1.481351529536339973e-01
1.384238352369336900e-01
1.302189943386349857e-01
1.243448507281914028e-01
1.188599606409435072e-01
1.147236252886038588e-01
1.107521247060749281e-01
1.079461242981399893e-01
1.054400092807847855e-01
1.028520408495103844e-01
1.008098317695262369e-01
9.906781218852478421e-02
9.689433340408654116e-02
9.561707429522264823e-02
9.421931104424624559e-02
9.358814647918856089e-02
9.183899787204968801e-02
9.118601280041549462e-02
8.959262434683284981e-02
8.848136631113256989e-02
8.779043173563488844e-02
8.708487125003833151e-02
8.633731857078996708e-02
8.501902083599366389e-02
8.464843302615726595e-02
8.435945230409341855e-02
8.291470058722499870e-02
8.201586595289456216e-02
8.153452306802938532e-02
8.063939968365713140e-02
8.014334374569415109e-02
7.950679551659955990e-02
7.862393939871259452e-02
7.813988879172600877e-02
7.730375188107246887e-02
7.716111180419665816e-02
7.639989299941263301e-02
7.591815711049998416e-02
7.486531629574727509e-02
7.388895868007794299e-02
7.341512438098241056e-02
7.316078818909993453e-02
7.204755254072831017e-02
7.171717429811180766e-02
7.051630098837713412e-02
7.031493106278080552e-02
6.962502199552605964e-02
6.873761669086958515e-02
6.830932875410017369e-02
6.786188348504501588e-02
6.712225941296207088e-02
6.650099978199947026e-02
6.608091225358242449e-02
6.549826957840537700e-02
6.530302880149319034e-02
6.433107806064847223e-02
6.413703766496570147e-02
6.357916057926227271e-02
6.319188962703131685e-02
6.261843399539052113e-02
6.183369480769257409e-02
6.149601519571562536e-02
6.118263154544767435e-02
6.062643983419585547e-02
6.049308925798607683e-02
5.989324296275116977e-02
5.991922960640594376e-02
5.923500273648374392e-02
5.886564803700194970e-02
5.865075345361669967e-02
5.914151767000208615e-02
5.802910245844455916e-02
5.702153782941726812e-02
5.667069754806136617e-02
5.616034319286261622e-02
5.580853551458148099e-02
5.568460823599968856e-02
5.511293189518562397e-02
5.475799997622199378e-02
5.445542285855614617e-02
5.384271058806866517e-02
5.402247785764729970e-02
5.316309870272867277e-02
5.291433321898858511e-02
5.271762592349427123e-02
5.254262293028655328e-02
5.214363218616435702e-02
5.226003594328743063e-02
5.171173537724199631e-02
5.117701412603337108e-02
5.100815604517505708e-02
5.057390153899232743e-02
5.023965574134642287e-02
5.000683813874268191e-02
5.000935370447984196e-02
4.958368839781623905e-02
4.912802340771726950e-02
4.931097142951723633e-02
4.882376045022646105e-02
4.870054969384024490e-02
4.819095449457788671e-02
4.763249170592281923e-02
4.775224552253209964e-02
4.735914866623236463e-02
4.781288002812245086e-02
4.710704750623079251e-02
4.677311476836598647e-02
4.717560988280888878e-02
4.603345466662273067e-02
4.599624605641422503e-02
4.568176172110927080e-02
4.589206691429864593e-02
4.536536667784613064e-02
4.512153935846940911e-02
4.492143395738096290e-02
4.487387094443073821e-02
4.473918731065340548e-02
4.421263287997928559e-02
4.476085079044000992e-02
4.386270728844138267e-02
4.382608798785880833e-02
4.397555970839139849e-02
4.338596991121157487e-02
4.336832503861171029e-02
4.304952330439143493e-02
4.343909430882236800e-02
4.251053948978567032e-02
4.250179287401800732e-02
4.251294459146059967e-02
4.206947258550547408e-02
4.175364451612162409e-02
4.186205707872919790e-02
4.163131599205149858e-02
4.112465287477795606e-02
4.125193880786454104e-02
4.121744344869582299e-02
4.087627184198799890e-02
4.095532184224143224e-02
4.048650745390780514e-02
4.034344941046469346e-02
4.029850013506569573e-02
4.037575465693965526e-02
4.064404610843880272e-02
4.058888064926796657e-02
4.022896914073204044e-02
