6.336942340101960554e+02
3.494827170544520811e+01
1.877629413381944667e+00
5.074966543245482686e-01
4.587976980635466440e-01
5.256686228135917238e-01
5.307039778655371354e-01
5.615109931441834012e-01
5.483724819438549059e-01
5.689129655397965335e-01
5.479463798188526358e-01
5.768783390807389333e-01
5.553054087207036638e-01
5.862201336186042555e-01
5.567421406804730077e-01
5.819083857408036131e-01
5.508338911779036007e-01
5.690279436218432796e-01
5.379067935499685094e-01
5.532211721710442731e-01
5.249985958444195466e-01
5.356988581453487885e-01
5.103482650216271121e-01
5.114403227481094660e-01
4.927123841276597749e-01
4.930216684509697300e-01
4.720487333237822769e-01
4.662703118616386977e-01
4.447044914729632592e-01
4.414610625568942126e-01
4.207327174574647111e-01
4.142179956736750657e-01
3.969055897309198278e-01
3.923631384789620924e-01
3.740948789270401309e-01
3.690820789325012785e-01
3.512056792359227186e-01
3.483462320399362544e-01
3.317914945639622304e-01
3.259513382271743143e-01
3.104666697839587597e-01
3.052184748816014204e-01
2.909433210798441638e-01
2.849199477980162154e-01
2.708144585447628261e-01
2.641666910991464223e-01
2.519168818198986859e-01
2.451475930638336576e-01
2.328641165493018084e-01
2.255933907484807266e-01
2.147243571876198964e-01
2.073828467531214081e-01
1.964668475871071129e-01
1.885339487840602957e-01
1.778501648526436552e-01
1.702309283097628578e-01
1.617171663523172820e-01
1.553111250640732688e-01
1.465068600311768554e-01
1.391085134241227539e-01
1.297855585492508623e-01
1.230972151598358905e-01
1.148605571458416325e-01
1.082259294386089532e-01
1.009933431791567582e-01
9.438740474604476183e-02
8.769831921209994552e-02
8.226865205721094199e-02
7.591712674292445950e-02
7.103088668668888772e-02
6.538696643412401921e-02
6.021309696444249182e-02
5.527914440438454202e-02
5.103191811492831936e-02
4.643088378005032213e-02
4.235632372220769076e-02
3.830830791822600195e-02
3.513531599186264093e-02
3.175252301160638724e-02
2.886780357205990383e-02
2.604987604901525672e-02
2.370611793975960224e-02
2.135695644874253257e-02
1.944101918752185604e-02
1.755505071057236050e-02
1.598896560878051293e-02
1.451005287024897603e-02
1.325838192557550997e-02
1.206621353196543275e-02
1.096699733081906575e-02
1.010205831555462987e-02
9.185610524921280357e-03
8.496413310616962242e-03
7.762123884287661438e-03
7.231528379581920671e-03
6.632536222736826886e-03
6.240649419764060339e-03
5.750311225450759761e-03
5.474189250320859491e-03
5.085245355676937945e-03
4.889614065079358161e-03
4.555455169143650396e-03
4.383064002079654041e-03
4.126520477014614281e-03
3.996878709341146300e-03
3.758834465876835767e-03
3.651103598363229785e-03
3.455587024950167781e-03
3.364097170855043142e-03
3.191824058803327015e-03
3.111861478868883403e-03
2.970359141989815845e-03
2.895561947056352666e-03
2.777168530088137879e-03
2.710657224393887583e-03
2.614032399312087376e-03
2.552037067933898579e-03
2.470860392928225183e-03
2.416791258676741216e-03
2.348247699559183506e-03
2.300744517559701659e-03
2.244191812665527301e-03
2.204180172985154007e-03
2.154184318918284970e-03
2.114624102237946685e-03
2.081898384413269874e-03
2.043058515385819465e-03
2.013909775218283155e-03
1.983190433508818813e-03
1.960091126378898842e-03
1.932803967144301142e-03
1.914186016649803510e-03
1.884633360684006675e-03
1.871072048098342249e-03
1.854078782813083342e-03
1.838621131948813339e-03
1.820065011496725714e-03
1.812587313594816183e-03
1.796242296126047055e-03
1.789234748694835302e-03
1.773848684763033347e-03
1.769918841630327378e-03
1.751461935117127559e-03
1.749353783986411746e-03
1.733616026129610518e-03
1.737100046641207925e-03
1.721271114761755133e-03
1.726572932897330352e-03
1.710688715619259953e-03
1.714875561786628104e-03
1.703710830552499162e-03
