1.044999999999999957e-01
2.698999999999999733e-01
4.708999999999999853e-01
6.220999999999999863e-01
6.934000000000000163e-01
7.207999999999999963e-01
7.398000000000000131e-01
7.495000000000000551e-01
7.578000000000000291e-01
7.620999999999999996e-01
7.609000000000000208e-01
7.648000000000000353e-01
7.612999999999999767e-01
7.616000000000000547e-01
7.559000000000000163e-01
7.551999999999999824e-01
7.521999999999999797e-01
7.544999999999999485e-01
7.528000000000000247e-01
7.551999999999999824e-01
7.540999999999999925e-01
7.540999999999999925e-01
7.531999999999999806e-01
7.499000000000000110e-01
7.479999999999999982e-01
7.442999999999999616e-01
7.419000000000000039e-01
7.341999999999999638e-01
7.329999999999999849e-01
7.249999999999999778e-01
7.211999999999999522e-01
7.140999999999999570e-01
7.123000000000000442e-01
7.065000000000000169e-01
7.064000000000000279e-01
7.012000000000000455e-01
7.054000000000000270e-01
7.025000000000000133e-01
7.069999999999999618e-01
7.067999999999999838e-01
7.141999999999999460e-01
7.149999999999999689e-01
7.236000000000000210e-01
7.274000000000000465e-01
7.372999999999999554e-01
7.438000000000000167e-01
7.548000000000000265e-01
7.648000000000000353e-01
7.741999999999999993e-01
7.844999999999999751e-01
7.980000000000000426e-01
8.094000000000000083e-01
8.206999999999999851e-01
8.292000000000000481e-01
8.367999999999999883e-01
8.440999999999999615e-01
8.484000000000000430e-01
8.530999999999999694e-01
8.565000000000000391e-01
8.590999999999999748e-01
8.626000000000000334e-01
8.645000000000000462e-01
8.653999999999999471e-01
8.663999999999999480e-01
8.676000000000000378e-01
8.682999999999999607e-01
8.690999999999999837e-01
8.698000000000000176e-01
8.702999999999999625e-01
8.711999999999999744e-01
8.720999999999999863e-01
8.721999999999999753e-01
8.730999999999999872e-01
8.742999999999999661e-01
8.745000000000000551e-01
8.748000000000000220e-01
8.751999999999999780e-01
8.759000000000000119e-01
8.762999999999999678e-01
8.766000000000000458e-01
8.770000000000000018e-01
8.778000000000000247e-01
8.779000000000000137e-01
8.780999999999999917e-01
8.781999999999999806e-01
8.787000000000000366e-01
8.787000000000000366e-01
8.793999999999999595e-01
8.796000000000000485e-01
8.802999999999999714e-01
8.807000000000000384e-01
8.810999999999999943e-01
8.813999999999999613e-01
8.816000000000000503e-01
8.818000000000000282e-01
8.821999999999999842e-01
8.820000000000000062e-01
8.824999999999999512e-01
8.826000000000000512e-01
8.828000000000000291e-01
8.829000000000000181e-01
8.830000000000000071e-01
8.830999999999999961e-01
8.831999999999999851e-01
8.833999999999999631e-01
8.832999999999999741e-01
8.830999999999999961e-01
8.837000000000000410e-01
8.840000000000000080e-01
8.843999999999999639e-01
8.850000000000000089e-01
8.853999999999999648e-01
8.856000000000000538e-01
8.857000000000000428e-01
8.859000000000000208e-01
8.861999999999999877e-01
8.866000000000000547e-01
8.866000000000000547e-01
8.871999999999999886e-01
8.874999999999999556e-01
8.880000000000000115e-01
8.883999999999999675e-01
8.884999999999999565e-01
8.887000000000000455e-01
8.889000000000000234e-01
8.891000000000000014e-01
8.893999999999999684e-01
8.895999999999999464e-01
8.900000000000000133e-01
8.901000000000000023e-01
8.904999999999999583e-01
8.907000000000000473e-01
8.910000000000000142e-01
8.913999999999999702e-01
8.918000000000000371e-01
8.918000000000000371e-01
8.919000000000000261e-01
8.921999999999999931e-01
8.921999999999999931e-01
8.928000000000000380e-01
8.928000000000000380e-01
8.930000000000000160e-01
8.930000000000000160e-01
8.932999999999999829e-01
8.932999999999999829e-01
8.932999999999999829e-01
8.934999999999999609e-01
8.935999999999999499e-01
8.939000000000000279e-01
8.941000000000000059e-01
8.941999999999999948e-01
