4.437845965502583923e+00
2.267215586265891147e+00
1.846685716921128373e+00
1.729847690705281549e+00
1.581085852707829975e+00
1.489587516501723385e+00
1.387687370231790895e+00
1.313979303545249167e+00
1.252030181408076093e+00
1.187495747092173204e+00
1.141476893663190495e+00
1.084394877974247162e+00
1.047614851591970098e+00
1.002646262173480407e+00
9.714311753499366153e-01
9.367017989127919275e-01
9.068232090593142392e-01
8.781125033431645965e-01
8.475381801369128443e-01
8.234730589859676764e-01
7.933573240914028046e-01
7.732148961652260954e-01
7.451150512471194087e-01
7.286958595677364148e-01
7.033132251862652673e-01
6.896552597108436267e-01
6.665560278604600875e-01
6.547737847031311897e-01
6.336415805256392364e-01
6.235653327156207570e-01
6.042308966370135703e-01
5.956696508234794463e-01
5.779353327894646286e-01
5.705988229523731858e-01
5.542308820684108683e-01
5.478761859012242219e-01
5.325546262547329324e-01
5.270161284697244541e-01
5.124179652035270038e-01
5.076542950375484420e-01
4.936165771257103319e-01
4.896674651513341914e-01
4.761639967288132103e-01
4.730424790582260508e-01
4.600774885635767752e-01
4.577358116373506647e-01
4.452966688637613468e-01
4.436490843126181249e-01
4.317150249037858822e-01
4.306619705164981826e-01
4.192223991875415057e-01
4.186536607288206535e-01
4.077277458502427399e-01
4.075200226864986175e-01
3.971964321794850816e-01
3.972227893278789113e-01
3.876623038333154025e-01
3.877877018755079286e-01
3.791168474401273025e-01
3.791738229385339665e-01
3.713598721225306321e-01
3.711664669242095149e-01
3.640153788428627246e-01
3.634289383652418159e-01
3.567016881111958471e-01
3.556775614481483272e-01
3.492131542603016392e-01
3.478216646584436633e-01
3.415760717263064405e-01
3.399690136579745503e-01
3.339694876122699663e-01
3.323107244888096057e-01
3.265854401152943898e-01
3.249862296820533736e-01
3.195162919065322460e-01
3.180075337581659833e-01
3.127211144372964990e-01
3.112653187800146215e-01
3.060634692555233016e-01
3.045905678922022908e-01
2.993781606468212675e-01
2.978187913986663493e-01
2.925280817501635378e-01
2.908364673909408782e-01
2.854364966369039580e-01
2.835938923213400242e-01
2.780862950498270147e-01
2.760981995974751690e-01
2.705089224679019244e-01
2.683970386096848348e-01
2.627665818931680941e-01
2.605612313529878099e-01
2.549388092227979352e-01
2.526749528682798451e-01
2.471114223768708373e-01
2.448247022575328613e-01
2.393693786181233796e-01
2.370934866677920638e-01
2.317923616216965854e-01
2.295572968079072074e-01
2.244511595016102368e-01
2.222827485836553763e-01
2.174071665820145327e-01
2.153273057948459912e-01
2.107128927848549438e-01
2.087391078378564302e-01
2.044104076660351876e-01
2.025563542865893574e-01
1.985320976113378322e-01
1.968077796211070429e-01
1.931005970896619850e-01
1.915133132792222470e-01
1.881305407187894296e-01
1.866861524061421973e-01
1.836301745146926012e-01
1.823329616612666126e-01
1.796014538214096012e-01
1.784535113985313559e-01
1.760394740640215672e-01
1.750388327043806425e-01
1.729293816813621265e-01
1.720682379432671993e-01
1.702437283544352975e-01
1.695075070739593959e-01
1.679414064332709344e-01
1.673098332860602500e-01
1.659703010462783013e-01
1.654204411142907172e-01
1.642731305676485287e-01
1.637827722602059610e-01
1.627940444169079792e-01
1.623443313488093231e-01
1.614836624341950966e-01
1.610602456103238933e-01
1.603016179547642750e-01
1.598945771433295526e-01
1.592168047498058736e-01
1.588198654704361112e-01
1.582062007754900246e-01
1.578157561574090317e-01
1.572531672098864131e-01
1.568673913364739825e-01
1.563457914007884975e-01
1.559639559793238317e-01
1.554755449157910197e-01
1.550975457853507322e-01
1.546362899476127484e-01
1.542623408712838484e-01
1.538235744155354578e-01
1.534540183896943577e-01
1.530341340394090754e-01
