6.371106075962154591e+02
3.384673661514077025e+01
2.913747727799242515e+00
5.239297708809982357e-01
2.079014432209015661e-01
1.822637612444490407e-01
1.918747829142734007e-01
2.061071748263959835e-01
2.274918906150524001e-01
2.353746898064081328e-01
2.579388349069565711e-01
2.629759862214769428e-01
2.875608556759522427e-01
2.814762389060152525e-01
2.991634270071602542e-01
2.852299061956153903e-01
2.876088563959158240e-01
2.755495443861269989e-01
2.791333857751167602e-01
2.676257307045609712e-01
2.742189924072694907e-01
2.793322120856404078e-01
2.951897008343147832e-01
3.213628642741451213e-01
3.550231496060408665e-01
3.912881576432135633e-01
4.397680649464944524e-01
4.729233552333617085e-01
5.217255115182064529e-01
5.400041338274059743e-01
5.763038958061826866e-01
5.759253477575843050e-01
5.950295124548312664e-01
5.768700135668812790e-01
5.812717743183883901e-01
5.496244818676652155e-01
5.425346519111932109e-01
5.011455789868060062e-01
4.849896212862501166e-01
4.373889869410599873e-01
4.139730654167637636e-01
3.641363732921725771e-01
3.357140577021698324e-01
2.867602046373672886e-01
2.553535688896017564e-01
2.102644228666741832e-01
1.787353714249618752e-01
1.408411158002021712e-01
1.130410212479270315e-01
8.503217477297694837e-02
6.449871014957300752e-02
4.627242933844882833e-02
3.333143711002695131e-02
2.286496013754945808e-02
1.563791944677217841e-02
1.040281018797787824e-02
6.968869223171433522e-03
4.732028564228680373e-03
3.597725947961140976e-03
2.832808956213032827e-03
2.580161413081405973e-03
2.356491488605824258e-03
2.303872607659938638e-03
2.238818140083431892e-03
2.219051222728433449e-03
2.197404180303751554e-03
2.184168992773114805e-03
2.171343058807834094e-03
2.160010867941317310e-03
2.148926836159724581e-03
2.138759351433966623e-03
2.128881621847694867e-03
2.118952478098943149e-03
2.110137100370993845e-03
2.100650493588190199e-03
2.091909821565799202e-03
2.082785027829189665e-03
2.074562181579070637e-03
2.065724992260460548e-03
2.057776713012030370e-03
2.049081992437794177e-03
2.041583513942192649e-03
2.033311859445422268e-03
2.026036843047373821e-03
2.018099666787349488e-03
2.011053568260448739e-03
2.003732241519297873e-03
1.996932275225479000e-03
1.989998046304619628e-03
1.983483573945011170e-03
1.976794150169685314e-03
1.970624104930911863e-03
1.964117724792944445e-03
1.958276016212055250e-03
1.952034531537657049e-03
1.946528521101082527e-03
1.940611593283386683e-03
1.935201849951036961e-03
1.929545162110341385e-03
1.924352447539989059e-03
1.918859549189358676e-03
1.913882724837956363e-03
1.908582456038536174e-03
1.903748693943517478e-03
1.898682568439311090e-03
1.894064940366479554e-03
1.889099312780092394e-03
1.884696377056712833e-03
1.879895004232328814e-03
1.875579513913760337e-03
1.870914240609122033e-03
1.866754075985915459e-03
1.862234068888611333e-03
1.858212470883666189e-03
1.853828527266597427e-03
1.849869930617971652e-03
1.845582037191727687e-03
1.841734348810151588e-03
1.837644809670727856e-03
1.834026280149846132e-03
1.830137555567546521e-03
1.826605437181290977e-03
1.822849542522705880e-03
1.819439540435128459e-03
1.815771700936182455e-03
1.812386271785076247e-03
1.808857581651151809e-03
1.805572516630200505e-03
1.802137032322384449e-03
1.798976180206717911e-03
1.795639819622117271e-03
1.792550524541614097e-03
1.789385424959792723e-03
1.786387128618445713e-03
1.783317057289913023e-03
1.780445369840409240e-03
1.777393140616300663e-03
1.774612027187334479e-03
1.771619152857553323e-03
1.768842332292930222e-03
1.765939944163120740e-03
1.763226519567740293e-03
1.760377730963748333e-03
1.757742117253777072e-03
1.754988169888957363e-03
1.752412391699067996e-03
1.749791491420296273e-03
1.747261140895471241e-03
1.744664622032609819e-03
1.742212443236049787e-03
1.739677304913587672e-03
