4.237845965502583923e+00
3.877895351990481565e+00
3.414682851843950884e+00
3.077974303083154339e-01
2.750332842884643303e-01
2.579831829657248532e-01
2.443463156462507158e-01
2.354622101892589359e-01
2.058775536996579403e-01
2.007504548628629684e-01
1.993845368724503397e-01
1.842790520255046149e-01
1.780648821498079326e-01
1.751408827350814137e-01
1.703771158214236228e-01
1.712117905526721526e-01
1.692610999810046566e-01
1.695236071757841785e-01
1.680301301868597130e-01
1.678661305384537437e-01
1.667181524067864338e-01
1.650459599024417747e-01
1.650927429743812793e-01
1.683884113318038698e-01
1.645917749505713097e-01
1.633109330971835216e-01
1.625261020999026447e-01
1.623318237502709651e-01
1.628014345444404276e-01
1.621598746786329603e-01
1.625918779802302494e-01
1.595460048108710767e-01
1.584451672177646304e-01
1.593176322039576915e-01
1.582648762254861501e-01
1.580768622191328596e-01
1.587549569333116770e-01
1.570827826416135926e-01
1.578002800550932712e-01
1.565299278878010887e-01
1.560664952747282344e-01
1.539821949065476825e-01
1.539575086178815813e-01
1.525917673173006419e-01
1.530338387749785787e-01
1.531945358336954344e-01
1.530914158463252335e-01
1.555541741130854123e-01
1.533855715499668142e-01
1.522286044624196864e-01
1.525655469271052438e-01
1.528223881806245958e-01
1.558400102096049089e-01
1.515561994490186797e-01
1.516276301455635682e-01
1.503507665509166935e-01
1.508573770941986036e-01
1.505673450269957527e-01
1.506921473470038910e-01
1.501385680697384615e-01
1.515080460165432150e-01
1.608580446341137546e-01
1.506594546112998378e-01
1.511432215048925047e-01
1.514325980647138417e-01
1.524717183352980661e-01
1.520501907334788834e-01
1.527844032863666039e-01
1.519118850340218034e-01
1.510291742348302206e-01
1.513629422383266312e-01
1.512580706673614053e-01
1.505551110735050493e-01
1.500861968811319735e-01
1.503900027177937306e-01
1.500947632636094267e-01
1.508838825147828477e-01
1.509786728125977429e-01
1.506571243934135498e-01
1.509004031607566421e-01
1.502829870737747942e-01
1.502976591013561136e-01
1.512083073766376751e-01
1.516500043012097234e-01
1.510786785595922233e-01
1.528559550785211434e-01
1.538272889851112697e-01
1.535469639173939669e-01
1.545262020412170787e-01
1.544964029022667305e-01
1.541796324695461549e-01
1.552411331097240854e-01
1.551717581036010007e-01
1.563702540455190650e-01
1.576132215065238387e-01
1.584921383470201002e-01
1.596078761189679993e-01
1.595894812262449045e-01
1.591331259888261616e-01
1.592326369086888447e-01
1.591747099457041676e-01
1.590191394122957453e-01
1.652502086946592108e-01
1.589472810947000099e-01
1.586672092014799635e-01
1.588866457360453173e-01
1.586356366868039329e-01
1.586339604504973693e-01
1.576560656169867138e-01
1.573041438766697075e-01
1.570534427362812369e-01
1.573965799194631998e-01
1.571903553662935182e-01
1.592584779477213723e-01
1.594441847578422116e-01
1.592572452868440851e-01
1.589625880033281881e-01
1.587663585281263070e-01
1.589020409281655013e-01
1.580427371066771747e-01
1.573244394095137864e-01
1.575865745038071617e-01
1.578937173774949052e-01
1.570735478833503380e-01
1.565017646911362408e-01
1.564262432105329386e-01
1.568180860262830483e-01
1.556336712979084160e-01
1.553848386724510036e-01
1.552638615671716823e-01
1.547785256637874929e-01
1.540766060971451543e-01
1.542465976889409416e-01
1.545785326916521671e-01
1.532597064470720112e-01
1.532635832806486502e-01
1.536092418965815638e-01
1.535908050339824500e-01
1.531271251126962700e-01
1.525720590826475865e-01
1.523910721636789914e-01
1.521621021300350419e-01
1.520835845894306639e-01
1.518931857789185207e-01
1.515720803579022891e-01
1.514672194425309259e-01
1.513223802746737182e-01
1.502537314265694660e-01
1.501974036831399199e-01
1.488941529833378213e-01
1.462323783790287976e-01
