6.371106075962154591e+02
6.535631144269509605e+02
3.970606460926042587e+02
3.157413044760702405e+02
2.606149882891124321e+02
2.187910173360551198e+02
1.853677216593529238e+02
2.078549358848433997e+02
1.347738187136132240e+02
1.151686473990087478e+02
9.837772427665240116e+01
8.391617977442444953e+01
7.141947956855973700e+01
6.060306244879818394e+01
5.123839051167269787e+01
4.313908315147934047e+01
3.614878117533069712e+01
3.013421677764828743e+01
3.198048835655931654e+01
2.058661495965933597e+01
2.186173406495955618e+01
1.372469196634434674e+01
1.110151302759772918e+01
8.925057019166285244e+00
7.134359725556675969e+00
5.673401840894866766e+00
4.491605195510254944e+00
3.544041611150341886e+00
2.791072819019543072e+00
2.197214361846150599e+00
1.731472744569980460e+00
1.367831130573209375e+00
1.084767691120627875e+00
8.650008147594666630e-01
6.941861983877691822e-01
5.608331601910834241e-01
4.564195578270506815e-01
3.742731485444997230e-01
3.092032458168644804e-01
2.573596970897524261e-01
2.156811862119460965e-01
1.818872578883581614e-01
1.542918012105758130e-01
1.315706521852344768e-01
1.127417316157279525e-01
9.706230464854576079e-02
8.393680052806624936e-02
7.288682501304444283e-02
6.356045842213044195e-02
5.565236056711232726e-02
4.892015902208590727e-02
4.317428558026974172e-02
3.826096661223662987e-02
3.405487876203952546e-02
3.045458058051208131e-02
2.736098966162030591e-02
2.469358869117469282e-02
2.237796788274593746e-02
2.035300231239766180e-02
1.857172598922538984e-02
1.900020033017676790e-02
2.161036234527886368e-02
2.237721768861545402e-02
2.327690700119126335e-02
2.228815539220008690e-02
2.139527424854199292e-02
1.558861284640062565e-02
9.860513391122479460e-03
9.203570172944729177e-03
8.610214687917618417e-03
8.073880319804497413e-03
7.589382233512277642e-03
7.150818283709212131e-03
6.752993077856345172e-03
6.389374090721029395e-03
6.056230454739120611e-03
5.750489675300635845e-03
5.468406833809733372e-03
5.207150149129783842e-03
5.965009678774882050e-03
4.040057235198721387e-03
4.130247172651861824e-03
4.234106481207375058e-03
4.350369361892328711e-03
4.478002113827755828e-03
3.815843365644575567e-03
3.663512219966595131e-03
3.520188149284036137e-03
3.385223722751791280e-03
3.258318403407930389e-03
3.138823422685898222e-03
3.025888820229918723e-03
2.919365972086635300e-03
2.818938375867165950e-03
2.724036196435872335e-03
2.634189667969307792e-03
2.549038431290198865e-03
2.468239480763073125e-03
2.391590712967076298e-03
2.318862772880155802e-03
2.249707406854402694e-03
2.183535332025452174e-03
2.120232780409484537e-03
2.059667632493967625e-03
2.001853314636670503e-03
1.946690940186821027e-03
1.894067050470729738e-03
1.843792630517747735e-03
1.795714795449001059e-03
1.809719153467983821e-03
1.855640759695069026e-03
1.863241193817137017e-03
1.922367661529723355e-03
1.602916210611864504e-03
1.584816706028400962e-03
1.578029646856851209e-03
1.562472663679736445e-03
1.552186335752944913e-03
1.520104235013750766e-03
1.283205400133818612e-03
1.342434936333843998e-03
1.342773830990633011e-03
1.354220160953962594e-03
1.366723871385421239e-03
1.370276420965668556e-03
1.244831771271972461e-03
1.180349131656847558e-03
1.156755954206976867e-03
1.134032413298489929e-03
1.112170810165219632e-03
1.091131643560987446e-03
1.070896030191191561e-03
1.051451109037389916e-03
1.032802664703115448e-03
1.014900316172122775e-03
9.977230304870374298e-04
9.812148254151561479e-04
9.854108596722247790e-04
9.902461141454976012e-04
9.357004727492300921e-04
9.217014631447094635e-04
9.982210724731821496e-04
8.952408892540809080e-04
8.726739904734329234e-04
8.604785178533696113e-04
8.586718143484016246e-04
8.872490808936951768e-04
8.961921966874121589e-04
8.755158516952930403e-04
7.551772571668512279e-04
7.050737742780769994e-04
