2.123670771280885106e+00
1.581088698765679812e+00
1.657619230868272552e+03
1.182271243096062608e+04
3.572415323927373538e+04
7.126636054808217159e+04
1.093961910917039640e+05
1.388738538865244191e+05
1.517676924966895604e+05
1.465178637708387978e+05
1.274866631961228122e+05
1.020238367682808603e+05
7.708593067206583510e+04
5.710753325320431759e+04
4.368167912753116252e+04
3.651421984388072451e+04
3.465323853543312725e+04
3.722434308196752681e+04
4.348085657128988532e+04
5.247140215127002739e+04
6.277830107278774085e+04
7.260693709348075208e+04
8.020234735953423660e+04
8.435231506824721873e+04
8.470793724087697046e+04
8.178554201182416000e+04
7.669146187251621450e+04
7.072952877412091766e+04
6.506024521447437291e+04
6.050923977224422561e+04
5.752735674826317700e+04
5.624433338854285830e+04
5.654769273027660529e+04
5.814857397315809794e+04
6.063139957972760749e+04
6.350529403301251295e+04
6.627026513740711380e+04
6.849536433520248102e+04
6.988915482084229006e+04
7.034106367888231762e+04
6.992033512201769918e+04
6.883649881564803945e+04
6.737625331731711049e+04
6.583765670014900388e+04
6.447668739372543496e+04
6.347474624308940838e+04
6.292592050306473539e+04
6.284042456110042986e+04
6.315783282510433492e+04
6.376708026828875882e+04
6.452932152968825540e+04
6.530233027698614751e+04
6.596241162037503091e+04
6.642184359369889717e+04
6.663799351832148386e+04
6.661420169264450669e+04
6.639199898588530777e+04
6.603843719801075349e+04
6.563057016467297217e+04
6.524156944647882483e+04
6.492943804713246936e+04
6.473080672763102484e+04
6.465856174054410076e+04
6.470407533476547542e+04
6.484165099326606287e+04
6.503542966816935223e+04
6.524614878939151095e+04
6.543808491325325303e+04
6.558380574967552093e+04
6.566759168486260751e+04
6.568581799010117538e+04
6.564599949645217566e+04
6.556349919139161648e+04
6.545817578368228715e+04
6.535015667669621325e+04
6.525696408821851219e+04
6.519081693307319802e+04
6.515792826711595990e+04
6.515812608580140659e+04
6.518626233697080170e+04
6.523342732062200957e+04
6.528930820099016273e+04
6.534364605284418212e+04
6.538822078337437415e+04
6.541744616846281860e+04
6.542922549004233588e+04
6.542435028789078933e+04
6.540630981947352848e+04
6.537992397396705928e+04
6.535076394575654558e+04
6.532376022902052500e+04
6.530292351221304125e+04
6.529046140810498036e+04
6.528711574919481791e+04
6.529187737806572113e+04
6.530282080663453235e+04
6.531715143042216368e+04
6.533217934658060403e+04
6.534533099536937516e+04
6.535492743939916545e+04
6.535992191261946573e+04
6.536034602464278578e+04
6.535676133627018135e+04
6.535045369097126240e+04
6.534275825092603191e+04
6.533519095436666248e+04
6.532884058664197801e+04
6.532459615329837834e+04
6.532271650862828392e+04
6.532320108748538041e+04
6.532552884736289707e+04
6.532911361788782961e+04
6.533312639951222081e+04
6.533693234930947074e+04
6.533990470056183403e+04
6.534176387912454084e+04
6.534234011701594136e+04
6.534179356289222051e+04
6.534034388421503536e+04
6.533840072428454732e+04
6.533631509139708214e+04
6.533446571252233116e+04
6.533308603669524746e+04
6.533233425529054512e+04
6.533222328490336804e+04
6.533266971001413913e+04
6.533352493870973558e+04
6.533457282284856046e+04
6.533564592916557740e+04
6.533653451733515249e+04
6.533717673975101934e+04
6.533745097232669650e+04
6.533744501192442112e+04
6.533711919121350365e+04
6.533667515838957479e+04
6.533608843196330417e+04
6.533560350231210759e+04
6.533513686318598775e+04
6.533492071050279628e+04
6.533477291636478913e+04
6.533490138257296348e+04
6.533503115512830846e+04
6.533537223256032303e+04
6.533559057059062616e+04
6.533593827752988727e+04
6.533605604554563615e+04
6.533626654580207105e+04
6.533619932211021660e+04
6.533625304053116997e+04
6.533603737782884855e+04
6.533601408720947074e+04
