6.371106075962154591e+02
3.387588236468795687e+06
3.520865989628133830e+06
1.121567940379989566e+06
1.121565260537564289e+06
1.121562559657062870e+06
1.121562229572419776e+06
1.121562112172952155e+06
1.121562062806449598e+06
1.121562050203842577e+06
1.121562115049197804e+06
1.121562155601337086e+06
1.121562009092106717e+06
1.121562054427687312e+06
1.121562075865079183e+06
1.121562140009025112e+06
1.121562100229384378e+06
1.121562128839482553e+06
1.121562044936605962e+06
1.121561994750156999e+06
1.121562016293675872e+06
1.121561958620515885e+06
1.121562046780745964e+06
1.121562012213170994e+06
1.121562025809125276e+06
1.121561965733134886e+06
1.121561946474237833e+06
1.121561973658896517e+06
1.121562007635330316e+06
1.121561945609267335e+06
1.121561933028930333e+06
1.121561979738839902e+06
1.121561976609755773e+06
1.121561923716802383e+06
1.121561880710588302e+06
1.121561907020616811e+06
1.121561862720180536e+06
1.121561906542391051e+06
1.121561816842770437e+06
1.121561890989209060e+06
1.121562009846945526e+06
1.121561963446220383e+06
1.121561845184278907e+06
1.121561844993687700e+06
1.121561901109884726e+06
1.121561874419763684e+06
1.121561824902840890e+06
1.121561878359081689e+06
1.121561850427306024e+06
1.121561819275856484e+06
1.121561854900042526e+06
1.121561791095432360e+06
1.121561817588889506e+06
1.121561881207085680e+06
1.121561801166246412e+06
1.121561807842016686e+06
1.121561810725742718e+06
1.121561833601270337e+06
1.121561842054690467e+06
1.121561805285988376e+06
1.121561805342078209e+06
1.121561799698772142e+06
1.121561794718839228e+06
1.121561796849565813e+06
1.121561811088121030e+06
1.121561761698451359e+06
1.121561794259614311e+06
1.121561839860593202e+06
1.121561759308727691e+06
1.121561829523749184e+06
1.121561767402180005e+06
1.121561801751574036e+06
1.121561798807361862e+06
1.121561816185988020e+06
1.121561829446708551e+06
1.121561802776197437e+06
1.121561831119988579e+06
1.121561775032992009e+06
1.121561733991188696e+06
1.121561738325883634e+06
1.121561826158733573e+06
1.121561735581625253e+06
1.121561749582254793e+06
1.121561744385768892e+06
1.121561734558856580e+06
1.121561778311856324e+06
1.121561769549455959e+06
1.121561773764549755e+06
1.121561737396328943e+06
1.121561810434258077e+06
1.121561765690454049e+06
1.121561734222196275e+06
1.121561719792387914e+06
1.121561756164707709e+06
1.121561814385995967e+06
1.121561765677338000e+06
1.121561767398348544e+06
1.121561766922423616e+06
1.121561739736953983e+06
1.121561778438469861e+06
1.121561788060300052e+06
1.121561748960762052e+06
1.121561739253066480e+06
1.121561757284764899e+06
1.121561727752011269e+06
1.121561726839331910e+06
1.121561768318285001e+06
1.121561758854045067e+06
1.121561706390157342e+06
1.121561728026385419e+06
1.121561704625250539e+06
1.121561700741269160e+06
1.121561689442897681e+06
1.121561706219731597e+06
1.121561709856090602e+06
1.121561715633996762e+06
1.121561710691668792e+06
1.121561677034832072e+06
1.121561692088650074e+06
1.121561694046125049e+06
1.121561697860350367e+06
1.121561696784074884e+06
1.121561722217364702e+06
1.121561706284932327e+06
1.121561713738730643e+06
1.121561685380118201e+06
1.121561711102789966e+06
1.121561718369045295e+06
1.121561705074893078e+06
1.121561677191282623e+06
1.121561683810691815e+06
1.121561675818574848e+06
1.121561719164907699e+06
1.121561692863389850e+06
1.121561664409606019e+06
1.121561706880431157e+06
1.121561675770313013e+06
1.121561689077945426e+06
1.121561698490944225e+06
1.121561694622919662e+06
1.121561662386153359e+06
1.121561670503786765e+06
1.121561679740178864e+06
1.121561686212418834e+06
1.121561699214539956e+06
1.121561676569795236e+06
1.121561671219291165e+06
1.121561678912638919e+06
1.121561705180258024e+06
1.121561658280676696e+06
1.121561674327196088e+06
