4.437845965502583923e+00
2.232321331933040831e+00
1.765260154696688177e+00
1.562652494428436567e+00
1.404278516632571749e+00
1.303748241309515166e+00
1.228244794553258412e+00
1.170756546888085392e+00
1.132215680341094100e+00
1.097644954310713405e+00
1.083936345502277465e+00
1.064402221906721291e+00
1.064884775008264395e+00
1.046200945113956227e+00
1.046292098794625813e+00
1.026370963801812808e+00
1.009974940819365230e+00
9.965838146972096911e-01
9.844158842331041104e-01
9.778998074545292019e-01
9.794388848293810179e-01
1.000454728029093632e+00
1.026533200047757388e+00
1.087471509681149584e+00
1.145760347690863767e+00
1.240238584341263106e+00
1.315565557621378279e+00
1.420266841439679961e+00
1.485308157450778044e+00
1.573034434067245302e+00
1.609569975740685166e+00
1.668375615872401907e+00
1.668536830560946260e+00
1.698801058798109054e+00
1.664502287100165789e+00
1.669005254161460172e+00
1.604599653531308956e+00
1.585850041370550745e+00
1.498238380399593783e+00
1.458960073500878085e+00
1.356365386335048884e+00
1.301859676389482745e+00
1.192396849481629273e+00
1.126610870746242998e+00
1.017222162710109234e+00
9.445677435413160072e-01
8.423184212569413409e-01
7.687114606475240475e-01
6.801569727360180506e-01
6.131988281587728018e-01
5.421342468682348592e-01
4.877350664827081461e-01
4.355023668474451992e-01
3.961386204747977535e-01
3.614008535553147605e-01
3.360686150560162067e-01
3.150129915558042559e-01
2.995091369697061578e-01
2.871576352267834475e-01
2.779639584834397437e-01
2.705281054407261410e-01
2.648370498537454543e-01
2.600608731282608721e-01
2.561737761209635922e-01
2.528139816436117959e-01
2.499015432062379749e-01
2.472947816488128281e-01
2.449341019467878300e-01
2.427586892170648381e-01
2.407320376970661369e-01
2.388237075239693641e-01
2.370129831492207018e-01
2.352845123858171017e-01
2.336239333474909030e-01
2.320254517800113270e-01
2.304778166476803558e-01
2.289784020868193548e-01
2.275193310085523168e-01
2.261003647911795089e-01
2.247154346383656021e-01
2.233650232877630037e-01
2.220433149457514688e-01
2.207520492538939116e-01
2.194864087496666838e-01
2.182479501886007145e-01
2.170326059229180926e-01
2.158417412947533920e-01
2.146725694231545190e-01
2.135259101189102837e-01
2.123993383201253360e-01
2.112937926691570156e-01
2.102067099492921365e-01
2.091392680530478887e-01
2.080888078721311873e-01
2.070567063405771846e-01
2.060404845027377918e-01
2.050416910647898661e-01
2.040582362258321625e-01
2.030909237362867326e-01
2.021380864395890542e-01
2.012005535459378547e-01
2.002766182774489978e-01
1.993672837621312810e-01
1.984708474880504114e-01
1.975882169203196648e-01
1.967178321035172317e-01
1.958607495550038213e-01
1.950151746784141160e-01
1.941824014717151436e-01
1.933606566273702865e-01
1.925511086665064597e-01
1.917519071873053649e-01
1.909643481084336014e-01
1.901866861366757477e-01
1.894202014686289515e-01
1.886632716245991992e-01
1.879170058564902379e-01
1.871798743047186631e-01
1.864527911884044653e-01
1.857344168005146123e-01
1.850256878842539143e-01
1.843253716310269685e-01
1.836342842495698180e-01
1.829512563206031339e-01
1.822770993836390352e-01
1.816108192062267368e-01
1.809529561920857899e-01
1.803025995207860888e-01
1.796603620560266457e-01
1.790253470425347548e-01
1.783982461142540055e-01
1.777782139711139853e-01
1.771656260935142169e-01
1.765598906011889291e-01
1.759614469497731426e-01
1.753695652859010856e-01
1.747848422405227642e-01
1.742063229644846278e-01
1.736347370467023477e-01
1.730691987197011394e-01
1.725103386596633648e-01
1.719573361248451226e-01
1.714107926261131953e-01
1.708699090338803295e-01
1.703352324560261921e-01
1.698060201050314855e-01
1.692827256938177760e-01
1.687648569553084898e-01
1.682527502505067329e-01
1.677458816517853890e-01
1.672445615094328153e-01
