1.044999999999999957e-01
4.177000000000000157e-01
6.284999999999999476e-01
7.016999999999999904e-01
7.446000000000000396e-01
7.678000000000000380e-01
7.872999999999999998e-01
7.932000000000000162e-01
8.018999999999999462e-01
8.044999999999999929e-01
8.124000000000000110e-01
8.161000000000000476e-01
8.227999999999999758e-01
8.255000000000000115e-01
8.284000000000000252e-01
8.297999999999999821e-01
8.318999999999999728e-01
8.335000000000000187e-01
8.346999999999999975e-01
8.359999999999999654e-01
8.387000000000000011e-01
8.406000000000000139e-01
8.424000000000000377e-01
8.448999999999999844e-01
8.464000000000000412e-01
8.490999999999999659e-01
8.497999999999999998e-01
8.528999999999999915e-01
8.531999999999999584e-01
8.565000000000000391e-01
8.561999999999999611e-01
8.585000000000000409e-01
8.581999999999999629e-01
8.608000000000000096e-01
8.605000000000000426e-01
8.621999999999999664e-01
8.629999999999999893e-01
8.643999999999999462e-01
8.649000000000000021e-01
8.659000000000000030e-01
8.666000000000000369e-01
8.679999999999999938e-01
8.689999999999999947e-01
8.706000000000000405e-01
8.708000000000000185e-01
8.721999999999999753e-01
8.719999999999999973e-01
8.736000000000000432e-01
8.747000000000000330e-01
8.743999999999999551e-01
8.761999999999999789e-01
8.762999999999999678e-01
8.768000000000000238e-01
8.778000000000000247e-01
8.786000000000000476e-01
8.792999999999999705e-01
8.799000000000000155e-01
8.802999999999999714e-01
8.810999999999999943e-01
8.818000000000000282e-01
8.818000000000000282e-01
8.828000000000000291e-01
8.822999999999999732e-01
8.840000000000000080e-01
8.829000000000000181e-01
8.846000000000000529e-01
8.831999999999999851e-01
8.853999999999999648e-01
8.837000000000000410e-01
8.860000000000000098e-01
8.844999999999999529e-01
8.860000000000000098e-01
8.847000000000000419e-01
8.868000000000000327e-01
8.857000000000000428e-01
8.869000000000000217e-01
8.862999999999999767e-01
8.870999999999999996e-01
8.869000000000000217e-01
8.874999999999999556e-01
8.872999999999999776e-01
8.882999999999999785e-01
8.871999999999999886e-01
8.885999999999999455e-01
8.874999999999999556e-01
8.891000000000000014e-01
8.890000000000000124e-01
8.893999999999999684e-01
8.894999999999999574e-01
8.901000000000000023e-01
8.901999999999999913e-01
8.905999999999999472e-01
8.912999999999999812e-01
8.911999999999999922e-01
8.914999999999999591e-01
8.921000000000000041e-01
8.922999999999999821e-01
8.928000000000000380e-01
8.925999999999999490e-01
8.932999999999999829e-01
8.930000000000000160e-01
8.934999999999999609e-01
8.935999999999999499e-01
8.940000000000000169e-01
8.940000000000000169e-01
8.941999999999999948e-01
8.940000000000000169e-01
8.945999999999999508e-01
8.947000000000000508e-01
8.947000000000000508e-01
8.951000000000000068e-01
8.952999999999999847e-01
8.957000000000000517e-01
8.955999999999999517e-01
8.958000000000000407e-01
8.961000000000000076e-01
8.961999999999999966e-01
8.964999999999999636e-01
8.962999999999999856e-01
8.969000000000000306e-01
8.970000000000000195e-01
8.969000000000000306e-01
8.970000000000000195e-01
8.970000000000000195e-01
8.970000000000000195e-01
8.971000000000000085e-01
8.974999999999999645e-01
8.975999999999999535e-01
8.980000000000000204e-01
8.980000000000000204e-01
8.983999999999999764e-01
8.981999999999999984e-01
8.982999999999999874e-01
8.984999999999999654e-01
8.985999999999999543e-01
8.988000000000000433e-01
8.988000000000000433e-01
8.987000000000000544e-01
8.989000000000000323e-01
8.988000000000000433e-01
8.991000000000000103e-01
8.992999999999999883e-01
8.998000000000000442e-01
8.998000000000000442e-01
8.999000000000000332e-01
8.995999999999999552e-01
8.997000000000000552e-01
8.999000000000000332e-01
9.003999999999999782e-01
9.004999999999999671e-01
9.005999999999999561e-01
