4.437845965502583923e+00
7.847069213950906033e+02
2.090938181526073458e+04
2.192339671425199413e+04
2.278363568940911500e+04
2.278379803759505012e+04
2.278370234350406099e+04
2.278371860918256061e+04
2.278357940309747573e+04
2.278358071145763097e+04
2.278371370063683571e+04
2.278348731384638813e+04
2.278368170583924439e+04
2.278366710602859530e+04
2.278358521863757051e+04
2.278367759608683627e+04
2.278348217895216294e+04
2.278362429829874600e+04
2.278359077017444361e+04
2.278355195621924213e+04
2.278354301284296525e+04
2.278355849874820342e+04
2.278360242436266708e+04
2.278358016812632923e+04
2.278351971132510880e+04
2.278360840467175512e+04
2.278366822605276684e+04
2.278345510314705461e+04
2.278349843451748529e+04
2.278357000321205123e+04
2.278345021322373213e+04
2.278361875152532230e+04
2.278348961996237995e+04
2.278359321993181220e+04
2.278349154983145854e+04
2.278356146762596836e+04
2.278341514646635187e+04
2.278354243929413497e+04
2.278356006175812945e+04
2.278374713302035889e+04
2.278350428769080463e+04
2.278353328611118559e+04
2.278342124121555389e+04
2.278349088877384929e+04
2.278352399419087669e+04
2.278349114219775947e+04
2.278344151725883421e+04
2.278343821933763684e+04
2.278346825320109929e+04
2.278355087453239685e+04
2.278347758605326089e+04
2.278333452849370588e+04
2.278346369745811899e+04
2.278335987481199481e+04
2.278343597384919121e+04
2.278343189005985187e+04
2.278342365561531187e+04
2.278341657360776662e+04
2.278334741748693341e+04
2.278344352517214793e+04
2.278345867729701422e+04
2.278331226958874686e+04
2.278329781950124743e+04
2.278344040530499115e+04
2.278342801862505439e+04
2.278332260338060587e+04
2.278340123412339744e+04
2.278339391089397395e+04
2.278347414721456516e+04
2.278336910126384828e+04
2.278334179099129688e+04
2.278334261197958403e+04
2.278342080221048673e+04
2.278331153579193051e+04
2.278343245680596010e+04
2.278335981252427518e+04
2.278353709198447905e+04
2.278345896003154849e+04
2.278334663067978545e+04
2.278338792135010954e+04
2.278335218108110348e+04
2.278335102863802604e+04
2.278337234182782777e+04
2.278340086911947219e+04
2.278334038499050075e+04
2.278336457390579017e+04
2.278335665662600513e+04
2.278336947944803978e+04
2.278336165573455946e+04
2.278328618303297117e+04
2.278346649823613188e+04
2.278340032275816338e+04
2.278333131696543205e+04
2.278331285523465340e+04
2.278335040638826467e+04
2.278337083470359721e+04
2.278338318433550376e+04
2.278332417351118784e+04
2.278337086718884166e+04
2.278336160405410556e+04
2.278332047324642917e+04
2.278331159219089386e+04
2.278335736035750233e+04
2.278330403041182581e+04
2.278338714801826791e+04
2.278341956806693270e+04
2.278337042590387864e+04
2.278335288283687623e+04
2.278326258657924700e+04
2.278337767522053764e+04
2.278328719308546715e+04
2.278334851415355297e+04
2.278327321492529518e+04
2.278330370713689990e+04
2.278331962224437666e+04
2.278329523228557809e+04
2.278340605564170255e+04
2.278337259899698256e+04
2.278332362381570056e+04
2.278328868920592504e+04
2.278329593236611254e+04
2.278330725286475354e+04
2.278332562966118348e+04
2.278328386725212476e+04
2.278328163614693040e+04
2.278334121778055851e+04
2.278329227185238778e+04
2.278326116695463861e+04
2.278325064462460432e+04
2.278327780972625260e+04
2.278328288230117687e+04
2.278325478612851293e+04
2.278329054582518438e+04
2.278328605591038649e+04
2.278329022430841724e+04
2.278328449854292194e+04
2.278328116252612745e+04
2.278329286853293524e+04
2.278326442815398696e+04
2.278326546629298173e+04
2.278330744855973171e+04
2.278325373103627498e+04
2.278329681723390240e+04
2.278325188081923261e+04
2.278328875915969911e+04
2.278330748093370130e+04
2.278327135440217535e+04
2.278329366652443787e+04
2.278324719649846520e+04
2.278325406701397151e+04
2.278326411088201712e+04
