6.371106075962154591e+02
6.346369567732044743e+02
3.456380108898359351e+06
1.003813217739385553e+07
8.295070604295941070e+06
1.612245784278125968e+06
7.528418645053602522e+05
6.261567421046852134e+06
1.092418026567229442e+07
1.042973933559929952e+07
6.326117404758458026e+06
2.212378626528646797e+06
1.842670704448608158e+05
2.215125709317860310e+05
1.238301597594454419e+06
2.148239450488697737e+06
2.370886410319407005e+06
1.888466801234678831e+06
1.060421984607071849e+06
3.389394025841825060e+05
1.273099572127291685e+04
9.229025022321208962e+04
3.718562953012312646e+05
5.979506195633909665e+05
6.233021355080099311e+05
4.600452812481780420e+05
2.275152465489982569e+05
5.371023579764734313e+04
1.347176198991962792e+02
4.607660410186062654e+04
1.237592279193492141e+05
1.695656750250352488e+05
1.579280451677152596e+05
1.041360893016829359e+05
4.367602651660951960e+04
6.451305832286040641e+03
1.656700870042234556e+03
1.856344282392145760e+04
3.814191534577439597e+04
4.593013993206679152e+04
3.865092525274585932e+04
2.271741905639469405e+04
7.803879291474326237e+03
4.781787720817820855e+02
1.412601119253808520e+03
6.684538249207728768e+03
1.125823773380556486e+04
1.208017077761963810e+04
9.179321084642742790e+03
4.739177410496553421e+03
1.244747131359365767e+03
2.112135001010398305e+00
7.443531371380825021e+02
2.227332274525664161e+03
3.196743707844459095e+03
3.081451889994477369e+03
2.107121828713859031e+03
9.352084668407591153e+02
1.652942391843275232e+02
1.683827008215010324e+01
3.148485983112968825e+02
6.992761181371665771e+02
8.767570425623156325e+02
7.626213823227327566e+02
4.659970704768845167e+02
1.718428593669457882e+02
1.523181730780615872e+01
2.000296992583627542e+01
1.170926252178138895e+02
2.092885691690936198e+02
2.328923548989449159e+02
1.829830333462091119e+02
9.873690434504470659e+01
2.859854138433308179e+01
4.221163491920179034e-01
1.178478550676761394e+01
3.992534586378103256e+01
6.015963557624979785e+01
6.000710011423368684e+01
4.249754243200705872e+01
1.988142781300697948e+01
4.095595310544690726e+00
1.427997762590380582e-01
5.291230737378539217e+00
1.277319213647711926e+01
1.669649416205438541e+01
1.501336985335230523e+01
9.534917057633425230e+00
3.764035402258008922e+00
4.602103856309212593e-01
2.856300815893438871e-01
2.054860245720389944e+00
3.894443005216283726e+00
4.498900315969728503e+00
3.656363620657159252e+00
2.070459700293656002e+00
6.687549047331124985e-01
4.827556918623458065e-02
2.046541822862904814e-01
7.370826683144293678e-01
1.151773234407620805e+00
1.191734703848554400e+00
8.785550154672272516e-01
4.472657742813347381e-01
1.239815907370576398e-01
2.924930470808361632e-02
1.139000253014899461e-01
2.609937437549934569e-01
3.437687079697063219e-01
3.242085365258030594e-01
2.217534194469087117e-01
1.120091265065462915e-01
4.083718502387825855e-02
3.524150213548900290e-02
6.468584330067675414e-02
1.043210448500165033e-01
1.162729523236167434e-01
1.058537668563545447e-01
7.356415955306513932e-02
4.929324055813132099e-02
3.312831985049676659e-02
3.859916721994206129e-02
4.573641105774174653e-02
5.800301863246912909e-02
5.666149111848665931e-02
5.509068839627514341e-02
4.391462208926170951e-02
4.135384614170761058e-02
3.615231129035444135e-02
4.145093107017484846e-02
4.135399543443090548e-02
4.687701999834639754e-02
4.393091642702069699e-02
4.552034716031425066e-02
4.086733289563438537e-02
4.241382874886676091e-02
4.000306969811320140e-02
4.302167673479288801e-02
4.196027616480771383e-02
4.422064051047577132e-02
4.258075834608186783e-02
4.348183365676936557e-02
4.181965371425491740e-02
4.258683022826357384e-02
4.173456967899534520e-02
4.265356587385579074e-02
4.216291227177199757e-02
4.268472689610063042e-02
4.209311244845922312e-02
4.219913421081059046e-02
4.170959908368435803e-02
