1.044999999999999957e-01
4.845999999999999752e-01
6.893000000000000238e-01
7.566000000000000503e-01
7.965999999999999748e-01
7.832000000000000073e-01
6.844999999999999973e-01
3.372999999999999887e-01
1.035999999999999976e-01
2.759999999999999953e-02
1.099999999999999936e-02
1.069999999999999944e-02
1.260000000000000009e-02
3.039999999999999994e-02
7.399999999999999634e-02
9.120000000000000329e-02
9.800000000000000377e-02
1.204999999999999960e-01
9.909999999999999365e-02
1.058000000000000052e-01
9.800000000000000377e-02
1.010000000000000064e-01
9.800000000000000377e-02
1.009000000000000036e-01
9.800000000000000377e-02
1.009000000000000036e-01
9.800000000000000377e-02
1.010000000000000064e-01
9.800000000000000377e-02
1.010000000000000064e-01
9.800000000000000377e-02
1.010000000000000064e-01
9.800000000000000377e-02
1.010000000000000064e-01
9.800000000000000377e-02
1.010000000000000064e-01
9.800000000000000377e-02
1.010000000000000064e-01
9.800000000000000377e-02
1.010000000000000064e-01
9.800000000000000377e-02
1.010000000000000064e-01
9.800000000000000377e-02
1.010000000000000064e-01
9.800000000000000377e-02
1.010000000000000064e-01
9.800000000000000377e-02
1.010000000000000064e-01
9.800000000000000377e-02
1.010000000000000064e-01
9.800000000000000377e-02
1.010000000000000064e-01
9.800000000000000377e-02
1.010000000000000064e-01
9.800000000000000377e-02
1.010000000000000064e-01
9.800000000000000377e-02
1.010000000000000064e-01
9.800000000000000377e-02
1.010000000000000064e-01
9.800000000000000377e-02
1.010000000000000064e-01
9.800000000000000377e-02
1.010000000000000064e-01
9.800000000000000377e-02
1.010000000000000064e-01
9.800000000000000377e-02
1.010000000000000064e-01
9.800000000000000377e-02
1.010000000000000064e-01
9.800000000000000377e-02
1.010000000000000064e-01
9.800000000000000377e-02
1.010000000000000064e-01
9.800000000000000377e-02
1.010000000000000064e-01
9.800000000000000377e-02
1.010000000000000064e-01
9.800000000000000377e-02
1.010000000000000064e-01
9.800000000000000377e-02
1.010000000000000064e-01
9.800000000000000377e-02
1.010000000000000064e-01
9.800000000000000377e-02
1.010000000000000064e-01
9.800000000000000377e-02
1.010000000000000064e-01
9.800000000000000377e-02
1.010000000000000064e-01
9.800000000000000377e-02
1.010000000000000064e-01
9.800000000000000377e-02
1.010000000000000064e-01
9.800000000000000377e-02
1.010000000000000064e-01
9.800000000000000377e-02
1.010000000000000064e-01
9.800000000000000377e-02
1.010000000000000064e-01
9.800000000000000377e-02
1.010000000000000064e-01
9.800000000000000377e-02
1.010000000000000064e-01
9.800000000000000377e-02
1.010000000000000064e-01
9.800000000000000377e-02
1.010000000000000064e-01
9.800000000000000377e-02
1.010000000000000064e-01
9.800000000000000377e-02
1.010000000000000064e-01
9.800000000000000377e-02
1.010000000000000064e-01
9.800000000000000377e-02
1.010000000000000064e-01
9.800000000000000377e-02
1.010000000000000064e-01
9.800000000000000377e-02
1.010000000000000064e-01
9.800000000000000377e-02
1.010000000000000064e-01
9.800000000000000377e-02
1.010000000000000064e-01
9.800000000000000377e-02
1.010000000000000064e-01
9.800000000000000377e-02
1.010000000000000064e-01
9.800000000000000377e-02
1.010000000000000064e-01
9.800000000000000377e-02
1.010000000000000064e-01
9.800000000000000377e-02
1.010000000000000064e-01
9.800000000000000377e-02
1.010000000000000064e-01
9.800000000000000377e-02
1.010000000000000064e-01
9.800000000000000377e-02
1.010000000000000064e-01
9.800000000000000377e-02
1.010000000000000064e-01
9.800000000000000377e-02
1.010000000000000064e-01
9.800000000000000377e-02
1.010000000000000064e-01
9.800000000000000377e-02
1.010000000000000064e-01
9.800000000000000377e-02
1.010000000000000064e-01
9.800000000000000377e-02
