6.371106075962154591e+02
6.213173210771485628e+02
6.487258489295588220e+02
5.267749626292155938e+02
4.967410270063075473e+02
3.884376665206678467e+02
2.409860645423870551e+02
1.092372069689688914e+02
1.068262463365216774e+02
8.441238687340262459e+01
5.463017475057783656e+01
4.404504083208611576e+01
3.636356584284160220e+01
2.211603378087965410e+01
2.011870479175157911e+01
1.586692017211467132e+01
1.415407252324537524e+01
1.276810920782897085e+01
1.041582822868510227e+01
2.499718884356059156e+00
3.080793979031935592e+00
2.580844074208199057e+00
1.785170968488196142e+00
1.460443022327702245e+00
1.293990299751428363e+00
1.174926760450919350e+00
1.106985356792267252e+00
1.105944080656327007e+00
1.056833365198037509e+00
9.776687594283618443e-01
9.719112088709727093e-01
8.921537168826402242e-01
8.750279330307776382e-01
8.400562455892520708e-01
8.058429252206467108e-01
5.952055851781175022e-01
4.004244236618966779e-01
2.819498595562326959e-01
2.703306000568455603e-01
2.576998353343150083e-01
2.416406797243550175e-01
2.394217033034061193e-01
2.282625546458255117e-01
2.264657588348673045e-01
2.252210185308362511e-01
2.173694311338728880e-01
2.163151824931172662e-01
2.111530474359024467e-01
2.086482586789759464e-01
1.943245003092681156e-01
1.894519597803337108e-01
1.799064387989126901e-01
1.602076073203538903e-01
1.555656997892232363e-01
1.445773004289843966e-01
1.340485330619562115e-01
1.225023265398365224e-01
1.177737814180357578e-01
1.030799253325708625e-01
1.043206748867318012e-01
1.079253025049343728e-01
1.087223119582881037e-01
9.646832490126228121e-02
8.855801090546967791e-02
8.380893884737267152e-02
7.480137629960643963e-02
6.101008456391433799e-02
5.870994400204028463e-02
5.840615722784556901e-02
5.520289442863535179e-02
8.804401474265324934e-02
5.361700705084911783e-02
5.214238201809057172e-02
5.132542746238164671e-02
4.819012522307693919e-02
4.826620535522002653e-02
4.787626514812754613e-02
4.553835316311949377e-02
4.000877924603717106e-02
4.080694417671431456e-02
3.891925062181160466e-02
3.988434105364244836e-02
4.183731845630589419e-02
3.917756107184699327e-02
3.799440092264302904e-02
3.773943021190247216e-02
3.520908661278938923e-02
3.005142651485631644e-02
3.045844066488381102e-02
2.948446865720226115e-02
2.742187686903225369e-02
2.647478652864600907e-02
2.552206251605661572e-02
2.415671608519990438e-02
2.741764930938954750e-02
2.422188987744306604e-02
2.095976112610521344e-02
1.920857786808491743e-02
1.778048263557012454e-02
1.681765670990367084e-02
1.718204617236977413e-02
1.717753089154702706e-02
1.545513592166781415e-02
1.498790059973919861e-02
1.426793901007572876e-02
1.400354153725391106e-02
1.516363269964383920e-02
1.382623731335447768e-02
1.254222410075712425e-02
9.902515434159257415e-03
9.844695691947009505e-03
9.790713958553213465e-03
9.642224086765981986e-03
9.559828272296902349e-03
9.513638872766366053e-03
9.420222021842677596e-03
9.331896648616647122e-03
9.252105270243386143e-03
9.222153619489115864e-03
9.158538244891919911e-03
9.158303974245786723e-03
9.083385681392149343e-03
9.032686330937712796e-03
9.029661961664591600e-03
8.858577062438114990e-03
8.753237136000886054e-03
8.658698516217942021e-03
8.536404576386792240e-03
1.522678288717335185e-02
8.238674576325076841e-03
7.851117384265172849e-03
7.657324697887857276e-03
6.918376291600545676e-03
6.596349620888181650e-03
6.580918521865042417e-03
6.045523861006113103e-03
5.894555678600484516e-03
5.557513478318938778e-03
5.578758216196814708e-03
5.274796003363106506e-03
4.927075722699013617e-03
4.564618129056729873e-03
3.862473813279544817e-03
3.488111309198323996e-03
3.084258952595017341e-03
2.704157958567868887e-03
2.262898452124942287e-03
1.940748001332980896e-03
1.827968286560172920e-03
1.662760116107071284e-03
1.419584234758795773e-03
