1.044999999999999957e-01
4.197000000000000175e-01
7.029999999999999583e-01
4.820999999999999730e-01
6.907999999999999696e-01
5.675999999999999934e-01
7.066000000000000059e-01
6.099999999999999867e-01
6.654999999999999805e-01
6.695999999999999730e-01
7.033000000000000362e-01
6.954000000000000181e-01
7.067999999999999838e-01
6.570000000000000284e-01
6.165000000000000480e-01
6.751000000000000334e-01
6.776999999999999691e-01
6.206000000000000405e-01
6.201999999999999735e-01
7.194000000000000394e-01
6.173999999999999488e-01
5.884000000000000341e-01
5.987000000000000099e-01
7.292999999999999483e-01
7.330999999999999739e-01
6.896999999999999797e-01
6.516999999999999460e-01
6.777999999999999581e-01
6.422999999999999821e-01
6.360999999999999988e-01
7.175000000000000266e-01
6.564999999999999725e-01
6.605999999999999650e-01
6.832000000000000295e-01
5.483000000000000096e-01
6.397000000000000464e-01
7.285000000000000364e-01
6.635999999999999677e-01
6.787999999999999590e-01
6.098000000000000087e-01
6.919999999999999485e-01
6.634999999999999787e-01
7.690000000000000169e-01
6.733999999999999986e-01
7.148999999999999799e-01
7.087999999999999856e-01
7.093000000000000416e-01
7.326000000000000290e-01
6.781000000000000361e-01
7.216000000000000192e-01
7.002000000000000446e-01
7.456000000000000405e-01
8.084999999999999964e-01
7.265000000000000346e-01
7.057999999999999829e-01
7.354000000000000536e-01
7.502999999999999670e-01
6.447000000000000508e-01
7.770000000000000240e-01
7.459999999999999964e-01
7.180999999999999606e-01
7.877999999999999448e-01
7.874999999999999778e-01
6.781000000000000361e-01
7.005000000000000115e-01
7.574999999999999512e-01
7.524999999999999467e-01
7.600000000000000089e-01
5.858999999999999764e-01
7.734999999999999654e-01
7.850000000000000311e-01
7.882000000000000117e-01
7.598000000000000309e-01
8.018999999999999462e-01
7.674999999999999600e-01
7.175000000000000266e-01
7.321999999999999620e-01
7.027999999999999803e-01
7.999000000000000554e-01
7.665999999999999481e-01
7.775999999999999579e-01
7.980000000000000426e-01
7.811000000000000165e-01
7.582999999999999741e-01
7.748000000000000442e-01
7.321999999999999620e-01
7.280999999999999694e-01
7.894999999999999796e-01
7.822999999999999954e-01
7.618000000000000327e-01
6.888999999999999568e-01
7.349999999999999867e-01
7.628000000000000336e-01
7.742999999999999883e-01
7.188999999999999835e-01
7.368999999999999995e-01
6.489000000000000323e-01
7.816999999999999504e-01
7.195000000000000284e-01
7.206000000000000183e-01
7.735999999999999543e-01
7.864999999999999769e-01
7.734999999999999654e-01
7.731999999999999984e-01
7.625999999999999446e-01
7.578000000000000291e-01
7.660000000000000142e-01
6.932000000000000384e-01
7.788000000000000478e-01
8.005999999999999783e-01
7.766999999999999460e-01
7.784999999999999698e-01
7.985999999999999766e-01
7.684999999999999609e-01
7.980000000000000426e-01
7.635999999999999455e-01
6.580000000000000293e-01
7.685999999999999499e-01
8.005999999999999783e-01
7.709000000000000297e-01
7.755999999999999561e-01
7.912000000000000144e-01
7.629000000000000226e-01
8.027999999999999581e-01
7.877999999999999448e-01
7.703999999999999737e-01
8.111000000000000432e-01
7.973999999999999977e-01
8.186999999999999833e-01
7.594999999999999529e-01
7.961000000000000298e-01
8.102000000000000313e-01
8.047999999999999599e-01
7.920000000000000373e-01
8.147999999999999687e-01
8.000000000000000444e-01
7.786999999999999478e-01
8.258999999999999675e-01
7.750000000000000222e-01
8.309999999999999609e-01
7.963000000000000078e-01
8.047999999999999599e-01
7.631000000000000005e-01
8.134000000000000119e-01
7.974999999999999867e-01
7.753999999999999782e-01
8.164000000000000146e-01
8.064999999999999947e-01
8.044999999999999929e-01
8.142000000000000348e-01
8.226999999999999869e-01
