1.044999999999999957e-01
4.117999999999999994e-01
8.260999999999999455e-01
8.642999999999999572e-01
8.669999999999999929e-01
8.696000000000000396e-01
8.729999999999999982e-01
8.751999999999999780e-01
8.764999999999999458e-01
8.783999999999999586e-01
8.842999999999999750e-01
8.842999999999999750e-01
8.856000000000000538e-01
8.866000000000000547e-01
8.862999999999999767e-01
8.854999999999999538e-01
8.874999999999999556e-01
8.687000000000000455e-01
8.899000000000000243e-01
8.919000000000000261e-01
8.913999999999999702e-01
8.911999999999999922e-01
8.948000000000000398e-01
8.883999999999999728e-01
8.935999999999999499e-01
8.945999999999999508e-01
8.957000000000000517e-01
8.951000000000000068e-01
8.942000000000000178e-01
8.957000000000000517e-01
8.957000000000000517e-01
8.949000000000000288e-01
8.954999999999999627e-01
8.945000000000000178e-01
8.957000000000000517e-01
8.961000000000000076e-01
8.981000000000000094e-01
8.991000000000000103e-01
8.995999999999999552e-01
8.985999999999999543e-01
8.990000000000000213e-01
8.990000000000000213e-01
8.993999999999999773e-01
8.994999999999999662e-01
8.999000000000000332e-01
8.995999999999999552e-01
9.004999999999999671e-01
8.909000000000000341e-01
8.999000000000000332e-01
9.002999999999999892e-01
9.010000000000000231e-01
9.011000000000000121e-01
9.008000000000000451e-01
9.014999999999999680e-01
9.011000000000000121e-01
9.010000000000000231e-01
9.005999999999999561e-01
9.010000000000000231e-01
9.022999999999999909e-01
9.016999999999999460e-01
9.019000000000000350e-01
9.022999999999999909e-01
9.016999999999999460e-01
9.022000000000000020e-01
9.026999999999999469e-01
9.003999999999999799e-01
9.034999999999999698e-01
9.035999999999999588e-01
9.032999999999999918e-01
9.032000000000000028e-01
9.032000000000000028e-01
9.033999999999999808e-01
9.032999999999999918e-01
9.031000000000000139e-01
9.030999999999999698e-01
9.038000000000000478e-01
9.044999999999999707e-01
9.050000000000000266e-01
9.048000000000000487e-01
9.044999999999999707e-01
9.042000000000000037e-01
9.042999999999999927e-01
9.042000000000000037e-01
9.042999999999999936e-01
9.048000000000000487e-01
9.046999999999999487e-01
9.042999999999999927e-01
9.049000000000000377e-01
9.042000000000000046e-01
9.050000000000000266e-01
9.052999999999999936e-01
9.055999999999999606e-01
9.059000000000000385e-01
9.058000000000000496e-01
9.056999999999999496e-01
9.056999999999999496e-01
9.062999999999999945e-01
9.061000000000000165e-01
9.062999999999999945e-01
9.062999999999999945e-01
9.060000000000000275e-01
9.062000000000000055e-01
9.008000000000000496e-01
9.059000000000000385e-01
9.058000000000000496e-01
9.058000000000000496e-01
9.060000000000000275e-01
9.061000000000000165e-01
9.060000000000000275e-01
9.060000000000000275e-01
9.062999999999999945e-01
9.064999999999999725e-01
9.068000000000000504e-01
9.068000000000000504e-01
9.066999999999999504e-01
9.068000000000000504e-01
9.070000000000000284e-01
9.065999999999999615e-01
9.068000000000000504e-01
9.069000000000000394e-01
9.064999999999999725e-01
9.066999999999999504e-01
9.070000000000000284e-01
9.071000000000000174e-01
9.072000000000000064e-01
9.072999999999999954e-01
9.065999999999999615e-01
9.066999999999999954e-01
9.066000000000000394e-01
9.066000000000000284e-01
9.067000000000000504e-01
9.067999999999999954e-01
9.067000000000000064e-01
9.067000000000000174e-01
9.067999999999999844e-01
9.068000000000000064e-01
9.068999999999999844e-01
9.068200000000000174e-01
9.069500000000000513e-01
9.069599999999999734e-01
9.069600000000000064e-01
9.069699999999999623e-01
9.069899999999999844e-01
9.069899999999999954e-01
9.070999999999999954e-01
9.070999999999999844e-01
9.070999999999999954e-01
9.071999999999999623e-01
9.071999999999999623e-01
9.071999999999999513e-01
9.071999999999999513e-01
