4.437845965502583923e+00
2.202660556970821304e+00
1.759282297610406776e+00
1.594877364712945056e+00
1.437737594408173170e+00
1.370068462010828991e+00
1.309150100556845775e+00
1.291540887542989680e+00
1.279567493741143425e+00
1.290769664765404556e+00
1.289669881739673896e+00
1.342125765360276501e+00
1.353948095598007884e+00
1.471177171281312868e+00
1.505613478057398869e+00
1.675051896950209951e+00
1.709929032172807783e+00
1.889036294737681088e+00
1.875319495325806773e+00
2.032100651844192640e+00
1.970873181566276999e+00
2.107919675506428892e+00
2.008207705690812972e+00
2.131808609969827462e+00
1.999100376736852924e+00
2.103272960750341092e+00
1.941536662710981798e+00
2.018251608526639984e+00
1.834448978541064035e+00
1.879528018944705892e+00
1.684362035739085162e+00
1.698979421499456022e+00
1.503322949364230610e+00
1.491048309984717379e+00
1.304474314250670064e+00
1.268891000737887298e+00
1.099306890242322421e+00
1.045896399120108899e+00
8.995999204517328707e-01
8.368042243700959393e-01
7.182103347122590353e-01
6.556164135251107972e-01
5.670379005767087754e-01
5.130411068366819149e-01
4.533487339329538846e-01
4.134885967950692742e-01
3.770399084430047232e-01
3.516013123530404849e-01
3.307853517577087343e-01
3.159618929141205790e-01
3.042594642750977019e-01
2.956052469742534994e-01
2.885266235954643821e-01
2.829525875759094644e-01
2.781269346889344019e-01
2.740862716077450689e-01
2.704469241621893505e-01
2.672371004567298813e-01
2.642693580192047587e-01
2.615519925737757601e-01
2.589937885793062167e-01
2.565933338184969159e-01
2.543053281377269381e-01
2.521251846628281834e-01
2.500295999101493361e-01
2.480137075973300465e-01
2.460648812628403737e-01
2.441789187409511008e-01
2.423484927259044741e-01
2.405701883415531372e-01
2.388393972918722297e-01
2.371533854566333643e-01
2.355090280917003231e-01
2.339041264577589041e-01
2.323363966601195152e-01
2.308040330005704521e-01
2.293052798905153011e-01
2.278386490354821770e-01
2.264027130206530403e-01
2.249962053119430594e-01
2.236179344292144044e-01
2.222668110326856683e-01
2.209418074849587299e-01
2.196419814612669552e-01
2.183664514409431878e-01
2.171143882702629146e-01
2.158850035129598888e-01
2.146775609768236670e-01
2.134913617033888933e-01
2.123257384794158820e-01
2.111800673521835314e-01
2.100537509049430207e-01
2.089462192444341559e-01
2.078569303161268422e-01
2.067853725858017633e-01
2.057310562497171591e-01
2.046935131198832636e-01
2.036722966028682025e-01
2.026669791262728226e-01
2.016771470020150281e-01
2.007024066586015343e-01
1.997423806594147422e-01
1.987967066733331012e-01
1.978650320437662091e-01
1.969470206189545824e-01
1.960423462737885814e-01
1.951506967903871848e-01
1.942717706682801082e-01
1.934052821017565316e-01
1.925509510659682566e-01
1.917085091421966980e-01
1.908776987497227684e-01
1.900582645648677682e-01
1.892499649735777112e-01
1.884525636327762099e-01
1.876658276188400143e-01
1.868895355183801676e-01
1.861234743988873785e-01
1.853674367313549176e-01
1.846212174123275374e-01
1.838846220534369746e-01
1.831574592070934204e-01
1.824395453174615933e-01
1.817307001994280802e-01
1.810307491069423347e-01
1.803395233571238876e-01
1.796568563791054451e-01
1.789825885429001673e-01
1.783165656484208550e-01
1.776586353378847849e-01
1.770086512020840885e-01
1.763664691498608161e-01
1.757319479712547705e-01
1.751049510981053103e-01
1.744853457715754286e-01
1.738729995656545790e-01
1.732677849797034375e-01
1.726695787723849240e-01
1.720782596309302082e-01
1.714937110362280137e-01
1.709158192208256877e-01
1.703444700164635783e-01
1.697795552412893483e-01
1.692209678827754915e-01
1.686686026228453872e-01
1.681223564483573796e-01
1.675821295823766433e-01
1.670478233963598735e-01
1.665193428014875576e-01
1.659965958358800009e-01
1.654794918521245717e-01
