1.150194235091980772e+02
1.085254587066944225e+02
3.681727365567515164e+01
2.801263652331767418e+01
2.724671841170384567e+01
2.886968815143280409e+01
2.606271455217795818e+01
2.320429074713293716e+01
2.223178839882674396e+01
2.339024352262420337e+01
2.187910963046434887e+01
2.246479473267243776e+01
2.126598816526371039e+01
1.964192524697001474e+01
2.014007717590637725e+01
2.163501864424134524e+01
2.059424461671258300e+01
1.947284868755950171e+01
1.754724297116820608e+01
1.758926808312071799e+01
1.775036580491994442e+01
1.726669660153107344e+01
1.662499986898966142e+01
1.660559107238682230e+01
1.777608569956477780e+01
1.587398846624100024e+01
1.541926570709357414e+01
1.617920841830497736e+01
1.456285562645338416e+01
1.364762146592549641e+01
1.503103520666784654e+01
1.510598509948580848e+01
1.626324999901880375e+01
1.320067847638623171e+01
1.443855068722643509e+01
1.392317770560860346e+01
1.328070809269405927e+01
1.339714864738576239e+01
1.362258382405598667e+01
1.343528464864859906e+01
1.280495897122156812e+01
1.232939347093435067e+01
1.234870942627767931e+01
1.173993652537672183e+01
1.348570797277322697e+01
1.244103115893843814e+01
1.177179807232309905e+01
1.171585815541794240e+01
1.408946646398900526e+01
1.181884513084497534e+01
1.183659342356437882e+01
1.203194083241793244e+01
1.132465589269207662e+01
1.123616439287914304e+01
1.222898413712642807e+01
1.077867554326913080e+01
1.024675537655215152e+01
1.075268111121026315e+01
1.019859856370378459e+01
1.075308818277221867e+01
9.981998545627886799e+00
9.582936097390716057e+00
9.952452979443485503e+00
9.807246459628270685e+00
9.364457206171124426e+00
9.026583726669926477e+00
9.524572299044951507e+00
9.353302823251734566e+00
9.181183206204490688e+00
8.762265497772803613e+00
9.367519459277877658e+00
9.255600808686489600e+00
9.269139503892230181e+00
8.939534682501575347e+00
9.023501983045685293e+00
8.999815852873890520e+00
8.750716490367766554e+00
8.606526197443136184e+00
8.406894226588597974e+00
8.503161797284748857e+00
8.194511741690218898e+00
8.592154719095697502e+00
8.554345512269259544e+00
8.770596982254318164e+00
8.631394598393882234e+00
8.550827405879905641e+00
8.309620098444989722e+00
8.286967660519886536e+00
8.348394918409484333e+00
8.320509982813568683e+00
8.558398887983296177e+00
8.134601803361981354e+00
8.059329236272413155e+00
8.210679154328209606e+00
8.158502418791634625e+00
8.255684676751112505e+00
8.110920640979319529e+00
8.249567323693637988e+00
8.058595498152817171e+00
8.137977398128418471e+00
8.174892147007980725e+00
8.164693880705776508e+00
8.149355341030728894e+00
8.162383314290631020e+00
7.951379651329357756e+00
7.942779191395861638e+00
8.071939274799571962e+00
7.849983103593666023e+00
7.995634338026058607e+00
7.978319260629437970e+00
8.189630333034848775e+00
7.902826542445193780e+00
8.025126716303894625e+00
7.927807162739021862e+00
7.976915426688944599e+00
7.992749935602484257e+00
7.775876835141877663e+00
7.809578911003471013e+00
7.823171475641407469e+00
7.801800740461243500e+00
7.842255502236139542e+00
7.823969474560072968e+00
7.732715674971879061e+00
7.967153062312354983e+00
7.903539476813192799e+00
7.932279775777736575e+00
7.861000196453170830e+00
7.837756901887179772e+00
7.863973278316773730e+00
7.715458462135290851e+00
7.849383228479951846e+00
7.819397654999227676e+00
7.844745161182324011e+00
7.704725129804691264e+00
7.688226295954467382e+00
7.849669370938778812e+00
7.666608442440125515e+00
7.560132844333669055e+00
7.747954622275484482e+00
7.846979441910283626e+00
7.618181427002763684e+00
7.646351157375299579e+00
7.801795665200621954e+00
7.705329363882439608e+00
7.662211178079441076e+00
7.986585074384636940e+00
7.577104545245807898e+00
7.668228730144141636e+00
7.562377135142797968e+00
7.607585690299988102e+00
7.589079845489924203e+00
