4.437845965502583923e+00
4.105281068631634334e+00
9.836674667435527653e-01
7.991705159050520590e-01
7.029813342604801507e-01
6.367336347477977609e-01
5.859858315289769859e-01
5.449023566565375232e-01
5.105124801845032367e-01
4.809719852050500788e-01
4.552800240753331340e-01
4.326661030450609791e-01
4.125504276021307315e-01
3.945131401293486273e-01
3.782767103788833296e-01
3.636870996664237632e-01
3.505215654331934050e-01
3.385181638020512973e-01
3.276232318301703361e-01
3.176842581892946882e-01
3.086920517326182667e-01
3.005645266229327595e-01
2.932011584229378687e-01
2.864639234895309805e-01
2.803522910715136041e-01
2.748744339556201122e-01
2.699312446689233203e-01
2.653956712583595001e-01
2.612314967264916521e-01
2.573936422787508893e-01
2.538816171923362619e-01
2.506499954228401661e-01
2.476858644824377897e-01
2.449697708236890092e-01
2.424508751578756116e-01
2.400967074584628713e-01
2.378693378234264522e-01
2.357825614968459271e-01
2.338190426677582145e-01
2.319760504609446328e-01
2.302313348272130022e-01
2.285932808106316827e-01
2.270573040999232239e-01
2.256007985662507598e-01
2.242155039483476331e-01
2.229238927902777445e-01
2.216931898087014241e-01
2.205205468089797560e-01
2.194053136936327530e-01
2.183335611319625613e-01
2.173151428615714420e-01
2.163343569418584578e-01
2.153968893327272427e-01
2.145020077156179761e-01
2.136478252200642025e-01
2.128231611977844939e-01
2.120345675362481086e-01
2.112754894888849988e-01
2.105473651088276554e-01
2.098505765051189020e-01
2.091811371441035239e-01
2.085331252062923579e-01
2.079204576393688109e-01
2.073317751810681564e-01
2.067630130614053208e-01
2.062261263518093135e-01
2.057007977322443115e-01
2.051982144403920461e-01
2.047150172021462156e-01
2.042511119855455470e-01
2.038048101348937102e-01
2.033808594860972430e-01
2.029709634637037463e-01
2.025760571263486298e-01
2.022009426154682821e-01
2.018376091891421475e-01
2.014872717182300543e-01
2.011533862419419560e-01
2.008330212102674150e-01
2.005272842232184161e-01
2.002315923703922584e-01
1.999485952072269090e-01
1.996761788081046762e-01
1.994189599329173335e-01
1.991736393011967476e-01
1.989369437418828102e-01
1.987099586703501564e-01
1.984922838971089898e-01
1.982834489175834547e-01
1.980851082608120761e-01
1.978958207297025207e-01
1.977146072446295533e-01
1.975424153641995306e-01
1.973770382128559875e-01
1.972168573443826567e-01
1.970680624123230251e-01
1.969249097463466325e-01
1.967838989099636449e-01
1.966535053906053321e-01
1.965284351037680233e-01
1.964103785079233389e-01
1.962990307528839351e-01
1.961955070812358426e-01
1.960968485280336071e-01
1.960040954173543903e-01
1.959176056217360740e-01
1.958377734623898969e-01
1.957613416698256725e-01
1.956927119086415701e-01
1.956274359961649445e-01
1.955670792734497954e-01
1.955125093530521718e-01
1.954647964289457640e-01
1.954190364121509427e-01
1.953770273813048297e-01
1.953417782247919843e-01
1.953115017280642185e-01
1.952847449575334515e-01
1.952605395921913067e-01
1.952452155828619529e-01
1.952294179036059840e-01
1.952193207099449102e-01
1.952112211997868718e-01
1.952063323760301061e-01
1.952069225009442910e-01
1.952098260586874190e-01
1.952157795200062940e-01
1.952268817125183686e-01
1.952400538227339055e-01
1.952559522398041314e-01
1.952753541582946950e-01
1.952977268672975997e-01
1.953231338731696576e-01
1.953540143806504759e-01
1.953878741810125830e-01
1.954220798697795247e-01
1.954603577262803427e-01
1.955001318223965612e-01
1.955445819338553493e-01
1.955917571187279214e-01
1.956402564794519350e-01
1.956911396011054016e-01
1.957476952758940847e-01
1.958034324112124247e-01
1.958632396403690856e-01
1.959249101049887476e-01
1.959873688026863014e-01
1.960525181201916989e-01
1.961230506495595383e-01
1.961917441961238961e-01
1.962634567366015881e-01
