4.356493192727955766e+00
4.734823843475558292e+00
4.884935137720470166e+00
2.157654805396221231e+00
1.748622592927567609e+00
1.730347100686932205e+00
1.532616495410466184e+00
1.125194103670962509e+00
1.134767643739746923e+00
1.005369445652322558e+00
9.871792139586763604e-01
8.961488861048430010e-01
8.722679371750546862e-01
8.024538554217334196e-01
7.240164966728966922e-01
7.133295440217942707e-01
7.269897940791975044e-01
7.133221480063551834e-01
6.757529730411008240e-01
6.551432842537908696e-01
5.654771915714768005e-01
5.755420731948167612e-01
5.462894581123559634e-01
5.529288187705254654e-01
5.352231974735459641e-01
5.157689027833182172e-01
4.974993787666282530e-01
5.163890366875164561e-01
4.793336033244652850e-01
4.901972858177987558e-01
4.846936136297696485e-01
5.138559893099002851e-01
4.570688660511905699e-01
4.175162116349495633e-01
4.245619540812387571e-01
3.799680532686474654e-01
3.985418487217822769e-01
3.628540360603562664e-01
3.868599267881835391e-01
3.432757666512726291e-01
3.377266448724915437e-01
3.559196042781049285e-01
3.229886027587690611e-01
3.269093997046944033e-01
3.276518036050158900e-01
3.164533823381124322e-01
2.927386058514220291e-01
2.922003716433667631e-01
3.005054886827218108e-01
2.939717211617620118e-01
2.730881048412523437e-01
2.714443377877897023e-01
2.798069017673568415e-01
2.607154838653195084e-01
2.542795503821713154e-01
2.437977628351214732e-01
2.551108012482083964e-01
2.458124915257186571e-01
2.634483515471462978e-01
2.359652153116185147e-01
2.267106741648945711e-01
2.236556778244741805e-01
2.373935782310229725e-01
2.120463486434234768e-01
2.300743466512486790e-01
2.171310319761185770e-01
2.182466108667052707e-01
2.064521274539064533e-01
2.028611596243845017e-01
2.006497048732511501e-01
1.960848897343928643e-01
1.947854348588514140e-01
2.049264596497512858e-01
1.983068365344899109e-01
1.928368450877507856e-01
1.951287255280982902e-01
2.003423234431423450e-01
2.037941563339597806e-01
1.921774219773161874e-01
1.994041262919460378e-01
1.913872584198801630e-01
1.768125244173594512e-01
1.795648180268808458e-01
1.821637974547944683e-01
1.776831737090567853e-01
1.631201809843895734e-01
1.720340639645443759e-01
1.705941154778339297e-01
1.792466983995565089e-01
1.663245825818552293e-01
1.582364760983000496e-01
1.560061039493133295e-01
1.608072446234415365e-01
1.536583855158587253e-01
1.558813232728172293e-01
1.505254175122499871e-01
1.436319502078033383e-01
1.445985589014484318e-01
1.512605992415605727e-01
1.429705022913442536e-01
1.475606677231995900e-01
1.426737632284326707e-01
1.457012339017331459e-01
1.403824649816699521e-01
1.325212399860201673e-01
1.383277181606751283e-01
1.419841982413369563e-01
1.258747435523917546e-01
1.301344729753200480e-01
1.284017177134610666e-01
1.285720683087442084e-01
1.301481813073528671e-01
1.277789980105352996e-01
1.226041996488972247e-01
1.285937435688853381e-01
1.268667864484615548e-01
1.203565351733621169e-01
1.196715212621030644e-01
1.227917713435593555e-01
1.168807419332772157e-01
1.168570137444017304e-01
1.150473487658642269e-01
1.102489538426294075e-01
1.169643110086061172e-01
1.140727105960879229e-01
1.133903436036698409e-01
1.092064519126620253e-01
1.082550352615423150e-01
1.148270280045892988e-01
1.163545820187443097e-01
1.089864765952699571e-01
1.085676718627255483e-01
1.069609982560115469e-01
1.004771900891884839e-01
9.966887483066824704e-02
1.003507695855184040e-01
1.001005918611358736e-01
9.685686413903187020e-02
9.956440538603199275e-02
1.002700803418801884e-01
9.852021415420371409e-02
9.784465731403658995e-02
9.972669089365376882e-02
9.747642341896919915e-02
9.598430290775698814e-02
8.934025497164915786e-02
9.239242619998334904e-02
9.062292039689558154e-02
8.848137109871524741e-02
8.919547661530304039e-02
8.399249880356750297e-02
