9.536162345383330830e+03
1.029187648219970106e+04
7.698955371114965601e+03
7.395976125326852525e+03
6.981153349487583000e+03
6.819553452917246432e+03
6.030413963123612120e+03
5.992111197522765906e+03
5.861274096946091959e+03
5.768087351315917658e+03
5.776915627158526149e+03
5.779094472685705114e+03
5.680123942551529581e+03
5.637502951470382868e+03
5.579938093531728555e+03
5.566007423590904182e+03
5.478147591347711568e+03
5.460830276314730327e+03
5.447241767058957521e+03
5.326353466658812977e+03
5.333805617396357775e+03
5.326524047375352893e+03
5.337029914887085397e+03
5.308973884069762789e+03
5.292439025136987766e+03
5.241867971878888056e+03
5.222030059323184105e+03
5.210906652340464461e+03
5.193521455853006955e+03
5.184068095766485385e+03
5.192236322302835106e+03
5.154491719254026066e+03
5.120736178971563277e+03
5.121311139494512645e+03
5.124104398316570041e+03
5.117699981423093050e+03
5.101963165281581496e+03
5.025009270509463931e+03
5.001180345946001580e+03
4.946921215822369959e+03
4.948657145044586287e+03
4.933226243782577512e+03
4.937835691015102384e+03
4.944945100022736369e+03
4.928325926762851850e+03
4.858956628841762722e+03
4.864003561468889529e+03
4.861833740101831609e+03
4.856427790759315030e+03
4.797140859401980379e+03
4.814428094276978300e+03
4.818327612855047846e+03
4.822523651068229810e+03
4.819713016080676425e+03
4.805622840940985952e+03
4.768261026681319890e+03
4.756148483471925829e+03
4.744712381880061912e+03
4.724754910727770948e+03
4.723361082383086796e+03
4.693255585863262240e+03
4.679798718676312092e+03
4.671069493786461862e+03
4.668950670463636925e+03
4.653294605929257159e+03
4.654180756377095349e+03
4.648812616490353321e+03
4.651625238584095314e+03
4.646554918056515817e+03
4.640731479690018205e+03
4.633307218691878006e+03
4.619767519048991744e+03
4.593967723971740270e+03
4.599226271498863753e+03
4.599496530280654042e+03
4.609068404405725232e+03
4.599074988562102590e+03
4.599835207934735990e+03
4.604094207463194834e+03
4.601905336132692355e+03
4.598955485430776207e+03
4.588220061509498009e+03
4.564227034203070616e+03
4.564460500903832326e+03
4.551590834342353446e+03
4.532757982839912984e+03
4.531047188057555104e+03
4.530906730417015751e+03
4.522416040501967473e+03
4.479516811943939501e+03
4.478222221363050267e+03
4.476502177396705520e+03
4.474857486973727646e+03
4.479819359581140816e+03
4.475947035676382256e+03
4.469744400284996118e+03
4.465563845662914900e+03
4.464640884046349129e+03
4.450930998468127655e+03
4.449679175494659830e+03
4.450581583481594862e+03
4.445053697128878412e+03
4.445228236072849541e+03
4.428701552416650884e+03
4.428686974347676369e+03
4.425006474785804130e+03
4.415452047325297826e+03
4.414999735574782790e+03
4.414007184504651377e+03
4.413502728504968218e+03
4.407484897375786204e+03
4.407453753777722341e+03
4.406197561651788419e+03
4.400523661743654884e+03
4.400801115166184900e+03
4.394501633843299714e+03
4.393908830389266768e+03
4.392325722108259470e+03
4.383726805963422521e+03
4.383520252833302038e+03
4.379139833240541520e+03
4.380148939463428178e+03
4.376179944208217421e+03
4.377647357726715200e+03
4.376378168972854837e+03
4.370995780089587242e+03
4.370734499660839901e+03
4.363302747009068298e+03
4.363320566089341810e+03
4.359316101551011343e+03
4.358466570424547172e+03
4.358711172873398027e+03
4.359126771823516719e+03
4.357122087858772829e+03
4.355585495229311164e+03
4.354802656040618785e+03
4.353280231282757086e+03
4.355009809283715185e+03
4.347643750227064629e+03
4.344250620565383542e+03
4.340110225881607221e+03
4.338773766828124280e+03
4.340261333466259202e+03
4.334647180809444762e+03
4.332598752325488931e+03
4.333428926617244542e+03
4.309278620186067201e+03
4.305709249261352852e+03
4.309532474629428179e+03
4.308532968877309031e+03
