2.792802895561374044e+02
3.019801286009935666e+02
3.109868062556882364e+02
1.473499863162333270e+02
1.228080535681141185e+02
1.217115240336759996e+02
1.098476877170880357e+02
8.540234421271780718e+01
8.597675661684488091e+01
7.821286473159941011e+01
7.712145082998064538e+01
7.165963115875064204e+01
7.022677422296334271e+01
6.603792931776406760e+01
6.133168779283386129e+01
6.069047063376771689e+01
6.151008563721190825e+01
6.069002687284136499e+01
5.843587637492610298e+01
5.719929504768750661e+01
5.181932948674867134e+01
5.242322238414906366e+01
5.066806547920140957e+01
5.106642711869159257e+01
5.000408984087281539e+01
4.883683215945914924e+01
4.774066071845775383e+01
4.887404019371104624e+01
4.665071419192797464e+01
4.730253514152798289e+01
4.697231481024623889e+01
4.872205735105407598e+01
4.531482995553149351e+01
4.294167069055703223e+01
4.336441523733438430e+01
4.068878118857890769e+01
4.180320891576699438e+01
3.966194015608143530e+01
4.110229359975107144e+01
3.848724399153641684e+01
3.815429668480955172e+01
3.924587424914635392e+01
3.727001415798620343e+01
3.750526197474172108e+01
3.754980620876101227e+01
3.687790093274680459e+01
3.545501434354537906e+01
3.542272029106206332e+01
3.592102731342336597e+01
3.552900126216577803e+01
3.427598428293519817e+01
3.417735825972744124e+01
3.467911209850147003e+01
3.353362702437922849e+01
3.314747101539033736e+01
3.251856376256734649e+01
3.319734606735256222e+01
3.263944748400317764e+01
3.369759908528883585e+01
3.204861091115716931e+01
3.149333844235373192e+01
3.131003866192850893e+01
3.213431268632143656e+01
3.061347891106546726e+01
3.169515879153497906e+01
3.091855991102717383e+01
3.098549464446237423e+01
3.027782563969444496e+01
3.006236756992312920e+01
2.992968028485512733e+01
2.965579137652363073e+01
2.957782408399114260e+01
3.018628557144513636e+01
2.978910818452945364e+01
2.946090869772510601e+01
2.959842152414595517e+01
2.991123739904859846e+01
3.011834737249764515e+01
2.942134331109902945e+01
2.985494556997682025e+01
2.937393349765286743e+01
2.849944945750162617e+01
2.866458707407290873e+01
2.882052583974772730e+01
2.855168841500346488e+01
2.767790885152343350e+01
2.821274183033272109e+01
2.812634492113009443e+01
2.864549989643344929e+01
2.787017294737137263e+01
2.738488655835806185e+01
2.725106422941885853e+01
2.753913266986655017e+01
2.711020112341158139e+01
2.724357738882909175e+01
2.692222304319505710e+01
2.650861500492825940e+01
2.656661152654696423e+01
2.696633394695369290e+01
2.646892812994071420e+01
2.674433805585203316e+01
2.645112378616601845e+01
2.663277202656404796e+01
2.631364589136025600e+01
2.584197239162126891e+01
2.619036108210056568e+01
2.640974988694027559e+01
2.544318260560356393e+01
2.569876637097926064e+01
2.559480105526772320e+01
2.560502209098471127e+01
2.569958887090123056e+01
2.555743787309217652e+01
2.524694997139389230e+01
2.560632260659317794e+01
2.550270517936775150e+01
2.511209010286178511e+01
2.507098926818624207e+01
2.525820427307361982e+01
2.490354250845669171e+01
2.490211881712416186e+01
2.479353891841191171e+01
2.450563522301782271e+01
2.490855665297642574e+01
2.473506062822533380e+01
2.469411860868024888e+01
2.444308510721977967e+01
2.438600010815259722e+01
2.478031967273541625e+01
2.487197291358471674e+01
2.442988658817625591e+01
2.440475830422359138e+01
2.430835788782075113e+01
2.391932939781136724e+01
2.387083048230015336e+01
2.391174416759116284e+01
2.389673350412821051e+01
2.370210984080197036e+01
2.386456231562197772e+01
2.390690281297287001e+01
2.380191084171228155e+01
2.376137743130225388e+01
2.387429944607928434e+01
2.373928339759821071e+01
2.364975616692547788e+01
2.325111329075900812e+01
2.343424356445905943e+01
2.332807321627379338e+01
2.319958025838297289e+01
2.324242658937824046e+01
2.293024792067410900e+01
