4.328067756907273633e+00
2.219514729668767838e+00
1.826761362074999839e+00
1.678269354199272589e+00
1.551195289560394208e+00
1.495764364074686714e+00
1.388689410327656359e+00
1.341981237987408981e+00
1.274617142227907785e+00
1.238486918296098027e+00
1.191049481503059448e+00
1.157846366451727782e+00
1.116504472748431231e+00
1.087983583213694150e+00
1.055177556480023426e+00
1.034269783823639655e+00
1.011209514019332456e+00
9.911473056273553128e-01
9.773592647433539948e-01
9.532801252688076765e-01
9.447723968426422481e-01
9.188885742457341133e-01
9.127467469821647361e-01
8.876207960486138804e-01
8.838186471653136644e-01
8.609567879820949621e-01
8.595944197385151364e-01
8.389818554357134639e-01
8.376419996137297597e-01
8.168963512044501440e-01
8.136709626331031231e-01
7.908895259549393320e-01
7.870867077114567234e-01
7.615170231894532460e-01
7.584886480809651665e-01
7.304050027761076480e-01
7.277699733535660798e-01
6.990544239771432355e-01
6.966001336389016085e-01
6.694872232260755673e-01
6.684369240512546551e-01
6.444083735781919176e-01
6.459722713539952643e-01
6.251458189353870099e-01
6.286393701059500572e-01
6.099140629360811916e-01
6.132454594108766033e-01
5.953922472184089987e-01
5.972884872130862499e-01
5.798813992254703287e-01
5.802801033911147988e-01
5.635796292331156643e-01
5.626586437162438559e-01
5.469456284796959666e-01
5.448154201305568378e-01
5.300384340709638487e-01
5.267170271408084803e-01
5.124742117587832713e-01
5.079022368535914822e-01
4.937976342677632968e-01
4.879574769823712965e-01
4.739474654531398712e-01
4.669481890395041357e-01
4.533379303313916364e-01
4.453795871254775385e-01
4.325726691961535586e-01
4.239003909030022998e-01
4.122372472388204923e-01
4.031101479398032650e-01
3.927668953469843904e-01
3.834113930127157621e-01
3.744198353134684520e-01
3.650172278008893545e-01
3.573083578648498793e-01
3.479864239630151568e-01
3.414353387318863620e-01
3.322790559740863015e-01
3.267420749048025042e-01
3.178098237277949822e-01
3.131392054237833178e-01
3.044702951329897322e-01
3.005252386109233953e-01
2.921486429433765020e-01
2.887997974770782350e-01
2.807322369717353272e-01
2.778636212278287609e-01
2.701204485916448572e-01
2.676278454125203821e-01
2.602139830977371338e-01
2.580076928310534590e-01
2.509254774153177880e-01
2.489285080935873529e-01
2.421782321822449624e-01
2.403233267781951232e-01
2.339010835780194197e-01
2.321313710094345673e-01
2.260319513765880195e-01
2.242983542688023191e-01
2.185167523622352226e-01
2.167794914316166222e-01
2.113109978061027128e-01
2.095377029010435932e-01
2.043802448056474819e-01
2.025482035700085226e-01
1.977022247675154776e-01
1.957987877047163705e-01
1.912685666095806092e-01
1.892913329746880868e-01
1.850869244488985155e-01
1.830474077456422932e-01
1.791832538371366523e-01
1.771067339596384405e-01
1.736000142660308332e-01
1.715221697373525700e-01
1.683862573338998914e-01
1.663472406264843717e-01
1.635882688301039389e-01
1.616231808769368339e-01
1.592336943829591456e-01
1.573666678537929964e-01
1.553239084214590171e-01
1.535661865679855131e-01
1.518353892237223612e-01
1.501855716535145380e-01
1.487247189466807396e-01
1.471741755593586609e-01
1.459392952652574793e-01
1.444754608768985815e-01
1.434251197812596301e-01
1.420353374039707850e-01
1.411327636277825148e-01
1.398054834200627983e-01
1.390196042159503598e-01
1.377455237356872420e-01
1.370512175886457740e-01
1.358234689447485322e-01
1.352008758535023225e-01
1.340141967483331475e-01
1.334478092383949432e-01
1.322987688137075568e-01
1.317767549060443466e-01
1.306629832000985036e-01
1.301763600142151478e-01
1.290965637529011278e-01
1.286385071118573420e-01
1.275922296167226466e-01
1.271578008618234890e-01
1.261449385965492942e-01
1.257303272135784078e-01
1.247511808654444831e-01
1.243534143030132072e-01
