6.869999999999999718e-02
7.520000000000000295e-02
7.889999999999999791e-02
1.254000000000000115e-01
9.080000000000000571e-02
9.080000000000000571e-02
8.730000000000000260e-02
5.940000000000000141e-02
7.599999999999999811e-02
7.649999999999999856e-02
9.990000000000000269e-02
8.939999999999999336e-02
8.780000000000000304e-02
9.180000000000000659e-02
7.660000000000000142e-02
6.719999999999999585e-02
7.749999999999999944e-02
9.360000000000000264e-02
9.819999999999999563e-02
8.450000000000000566e-02
8.820000000000000062e-02
1.034999999999999948e-01
8.089999999999999969e-02
6.779999999999999916e-02
7.639999999999999569e-02
9.650000000000000244e-02
1.174000000000000044e-01
8.840000000000000635e-02
8.540000000000000369e-02
1.058999999999999941e-01
1.195999999999999980e-01
8.019999999999999352e-02
7.000000000000000666e-02
8.749999999999999445e-02
9.550000000000000155e-02
1.091000000000000025e-01
8.599999999999999312e-02
9.990000000000000269e-02
1.081000000000000016e-01
1.188000000000000028e-01
7.019999999999999851e-02
8.240000000000000102e-02
9.180000000000000659e-02
9.710000000000000575e-02
1.015000000000000069e-01
9.650000000000000244e-02
9.929999999999999938e-02
1.034999999999999948e-01
1.067000000000000032e-01
6.729999999999999871e-02
8.980000000000000482e-02
9.579999999999999627e-02
9.790000000000000091e-02
1.030999999999999972e-01
9.769999999999999518e-02
9.740000000000000047e-02
9.460000000000000353e-02
9.619999999999999385e-02
1.388000000000000067e-01
9.400000000000000022e-02
9.110000000000000042e-02
8.780000000000000304e-02
6.990000000000000380e-02
9.529999999999999583e-02
8.699999999999999400e-02
8.210000000000000631e-02
7.620000000000000384e-02
8.179999999999999771e-02
1.107999999999999957e-01
9.800000000000000377e-02
1.059999999999999970e-01
9.800000000000000377e-02
9.800000000000000377e-02
9.800000000000000377e-02
9.800000000000000377e-02
9.800000000000000377e-02
9.800000000000000377e-02
9.800000000000000377e-02
9.800000000000000377e-02
9.800000000000000377e-02
9.800000000000000377e-02
9.800000000000000377e-02
9.800000000000000377e-02
9.800000000000000377e-02
9.800000000000000377e-02
9.800000000000000377e-02
9.800000000000000377e-02
9.800000000000000377e-02
9.800000000000000377e-02
9.800000000000000377e-02
9.800000000000000377e-02
9.800000000000000377e-02
9.800000000000000377e-02
9.800000000000000377e-02
9.800000000000000377e-02
9.800000000000000377e-02
9.800000000000000377e-02
9.800000000000000377e-02
9.800000000000000377e-02
9.800000000000000377e-02
9.800000000000000377e-02
9.800000000000000377e-02
9.800000000000000377e-02
9.800000000000000377e-02
9.800000000000000377e-02
9.800000000000000377e-02
9.800000000000000377e-02
9.800000000000000377e-02
9.800000000000000377e-02
9.800000000000000377e-02
9.800000000000000377e-02
9.800000000000000377e-02
9.800000000000000377e-02
9.800000000000000377e-02
9.800000000000000377e-02
9.800000000000000377e-02
9.800000000000000377e-02
9.800000000000000377e-02
9.800000000000000377e-02
9.800000000000000377e-02
9.800000000000000377e-02
9.800000000000000377e-02
9.800000000000000377e-02
9.800000000000000377e-02
9.800000000000000377e-02
9.800000000000000377e-02
9.800000000000000377e-02
9.800000000000000377e-02
9.800000000000000377e-02
9.800000000000000377e-02
9.800000000000000377e-02
9.800000000000000377e-02
9.800000000000000377e-02
9.800000000000000377e-02
9.800000000000000377e-02
9.800000000000000377e-02
9.800000000000000377e-02
9.800000000000000377e-02
9.800000000000000377e-02
9.800000000000000377e-02
9.800000000000000377e-02
9.800000000000000377e-02
9.800000000000000377e-02
9.800000000000000377e-02
9.800000000000000377e-02
9.800000000000000377e-02
9.800000000000000377e-02
9.800000000000000377e-02
9.800000000000000377e-02
9.800000000000000377e-02
9.800000000000000377e-02
