1.048307191119777372e+03
1.107589972688554099e+03
1.124808417027823225e+03
1.139265533924112106e+03
1.152686712206982065e+03
1.166559905438992246e+03
1.181095312057188039e+03
1.195728514556120672e+03
1.211708269349784587e+03
1.227153792552362574e+03
1.243892084706538299e+03
1.259952566630876618e+03
1.277032541124489398e+03
1.293637702333481684e+03
1.310941122063427883e+03
1.327966013257465420e+03
1.345426271499499762e+03
1.362694269160892418e+03
1.380163638459845970e+03
1.397482021534428213e+03
1.414866012808009600e+03
1.432119966404263778e+03
1.449435000536291454e+03
1.466588631362626074e+03
1.483862797167513918e+03
1.500905657619484373e+03
1.518122069993286459e+03
1.535043563660436348e+03
1.552177258942987237e+03
1.568978129889487036e+03
1.586020740908595599e+03
1.602714969829175516e+03
1.619663000723656296e+03
1.636268273982258961e+03
1.653110888229190778e+03
1.669635609529808789e+03
1.686348848539842493e+03
1.702778091630812469e+03
1.719325573862200372e+03
1.735622529046650698e+03
1.751964187266908993e+03
1.768085520802867222e+03
1.784185458881247996e+03
1.800091450899523579e+03
1.815919330289470281e+03
1.831575825903858231e+03
1.847105505858339257e+03
1.862483298708749089e+03
1.877693173650953668e+03
1.892768958662766863e+03
1.907644523538712747e+03
1.922403478237800755e+03
1.936941290883712327e+03
1.951380402073574487e+03
1.965591876947551327e+03
1.979723342285558374e+03
1.993635661170988215e+03
2.007487229147534435e+03
2.021138045178359334e+03
2.034746497777301556e+03
2.048172720052292789e+03
2.061571325932339732e+03
2.074798209592703643e+03
2.088005738906891111e+03
2.101042776333310485e+03
2.114062048306134329e+03
2.126907966927390589e+03
2.139734066136944875e+03
2.152386741255951620e+03
2.165017954294068659e+03
2.177482486468232764e+03
2.189925839751803323e+03
2.202215551737829628e+03
2.214484625050418799e+03
2.226615150352544788e+03
2.238722415663817628e+03
2.250703449574158640e+03
2.262652742137136102e+03
2.274481806400037385e+03
2.286264193964202150e+03
2.297924980531329311e+03
2.309518718696015640e+03
2.320983060422083781e+03
2.332356622698623596e+03
2.343588529796549665e+03
2.354704506518634389e+03
2.365664220747509717e+03
2.376483122643141087e+03
2.387130578224584042e+03
2.397613814531001935e+03
2.407911106664932049e+03
2.418022929428028874e+03
2.427936005100025341e+03
2.437645121348850353e+03
2.447144818384567770e+03
2.456425177706762952e+03
2.465487826807714555e+03
2.474318934359467676e+03
2.482926541167405048e+03
2.491293571327934842e+03
2.499433718919973217e+03
2.507327239190189630e+03
2.514992773559714806e+03
2.522408541438113389e+03
2.529597441171256833e+03
2.536536103991490563e+03
2.543250961189688496e+03
2.549717686423766281e+03
2.555965553528229975e+03
2.561969714984997154e+03
2.567761964804391482e+03
2.573317067430815314e+03
2.578669244838616123e+03
2.583792983850268229e+03
2.588725129805167398e+03
2.593439594176178616e+03
2.597976398451605291e+03
2.602308322067851805e+03
2.606479379939005412e+03
2.610460291163852162e+03
2.614299858354833759e+03
2.617965725730090981e+03
2.621511842913317196e+03
2.624902201950325434e+03
2.628195127299121850e+03
2.631351111350013980e+03
2.634430999929522386e+03
2.637393219004561161e+03
2.640297955696903500e+03
2.643104199890902692e+03
2.645867992185684670e+03
2.648551636818582210e+03
2.651204213305064968e+03
2.653793395258453074e+03
2.656359848436245102e+03
2.658877502541696686e+03
2.661378526048124968e+03
2.663842926220436311e+03
2.666295193536962870e+03
2.668720636127985927e+03
2.671137325107877132e+03
2.673534819742008040e+03
2.675926067548899482e+03
2.678303917204456411e+03
2.680677382819146715e+03
2.683041748179834485e+03
2.685403094061413867e+03
2.687758467221498904e+03
2.690111812389710849e+03
2.692461424743745283e+03
