1.335435799461551369e+03
2.010798495242208838e+08
1.425579711100661516e+09
4.289758449294246674e+09
8.545945184248191833e+09
1.311886020019539833e+10
1.666049324521058273e+10
1.821192340111952591e+10
1.758162424768918610e+10
1.529448745049609947e+10
1.223588379927719498e+10
9.242477087512794495e+09
6.846192331279930115e+09
5.236951481600384712e+09
4.378273024711370468e+09
4.155322068074608803e+09
4.463185908211593628e+09
5.212706972654942513e+09
6.290276485324786186e+09
7.526177760424252510e+09
8.705162874858261108e+09
9.616506577367183685e+09
1.011452360146379662e+10
1.015720586868192673e+10
9.806494438904407501e+09
9.195225590318998337e+09
8.479925422965234756e+09
7.799863237888200760e+09
7.254041670816984177e+09
6.896466688020387650e+09
6.742624248375631332e+09
6.778999640956697464e+09
6.970957272180603027e+09
7.268695040227743149e+09
7.613362617835392952e+09
7.945003988673917770e+09
8.211911353825693130e+09
8.379113024651219368e+09
8.433324194569674492e+09
8.382853098276021004e+09
8.252832422289433479e+09
8.077667874746999741e+09
7.893110360142153740e+09
7.729871349606677055e+09
7.609697089406283379e+09
7.543875125004951477e+09
7.533619153122205734e+09
7.571689727269754410e+09
7.644759007446044922e+09
7.736184624162475586e+09
7.828899718625204086e+09
7.908076473446789742e+09
7.963182405330110550e+09
7.989111957965316772e+09
7.986255590725278854e+09
7.959604696005323410e+09
7.917192728317863464e+09
7.868272562789693832e+09
7.821610949539492607e+09
7.784175082397000313e+09
7.760347933226412773e+09
7.751685250029222488e+09
7.757141532200819016e+09
7.773645383610593796e+09
7.796885099726982117e+09
7.822162374380032539e+09
7.845181336454112053e+09
7.862662706816307068e+09
7.872709570602193832e+09
7.874898548440981865e+09
7.870119395854838371e+09
7.860226636790374756e+09
7.847590373419099808e+09
7.834636885632225037e+09
7.823455675714688301e+09
7.815524658760465622e+09
7.811576569546157837e+09
7.811603341241796494e+09
7.814974809662347794e+09
7.820635084463419914e+09
7.827334345663873672e+09
7.833855018698140144e+09
7.839198138443237305e+09
7.842706722709012032e+09
7.844116140209335327e+09
7.843534531324850082e+09
7.841367148476930618e+09
7.838205459482206345e+09
7.834704296457155228e+09
7.831468526187214851e+09
7.828965676145138741e+09
7.827474117968309402e+09
7.827069219789751053e+09
7.827643552473386765e+09
7.828952570614138603e+09
7.830674612260508537e+09
7.832473589797739983e+09
7.834054135087900162e+09
7.835201711920629501e+09
7.835803721080637932e+09
7.835851226136790276e+09
7.835424056353811264e+09
7.834664245929202080e+09
7.833743847061727524e+09
7.832833088444506645e+09
7.832073852414111137e+09
7.831561806039156914e+09
7.831338630319221497e+09
7.831393968391980171e+09
7.831675253185804367e+09
7.832102625079103470e+09
7.832585796927221298e+09
7.833039906565483093e+09
7.833398024910786629e+09
7.833618872976991653e+09
7.833689287126981735e+09
7.833621866196515083e+09
7.833448931637962341e+09
7.833214330204406738e+09
7.832964713931263924e+09
7.832741750993135452e+09
7.832576350515828133e+09
7.832485490110699654e+09
7.832471738069696426e+09
7.832525117563221931e+09
7.832626653548025131e+09
7.832752776081918716e+09
7.832879755443237305e+09
7.832987462700345039e+09
7.833061973134243965e+09
7.833096781258091927e+09
7.833092657987001419e+09
7.833056382642465591e+09
7.832998730219632149e+09
7.832932144533749580e+09
7.832868516931802750e+09
7.832817399917566299e+09
7.832784872385274887e+09
7.832773128477998734e+09
7.832780744905328751e+09
7.832803473603213310e+09
7.832835356472493172e+09
7.832869931649412155e+09
7.832901331393524170e+09
7.832925111313810349e+09
7.832938727213551521e+09
7.832941635327817917e+09
7.832935064140871048e+09
7.832921540685308456e+09
7.832904289372800827e+09
