6.280286762540785048e+02
6.279475754069505911e+02
1.627663382237116139e+02
2.507347043696227740e+00
3.858462716543883886e+01
4.239896100291395697e+01
1.494187114461225896e+01
2.159499638881282824e+00
2.410347533806247444e+00
2.902397781187949111e+00
1.621142887598582050e+00
5.545954788268893099e-01
2.169113857926829869e-01
1.864490924622278223e-01
1.614376455604307758e-01
9.338770538386849396e-02
3.378425517769505226e-02
1.263923818337966791e-02
1.308317408253120359e-02
1.184628091157215179e-02
5.807805507069794225e-03
1.527949591335343122e-03
8.397932493102086820e-04
1.151619968282937331e-03
8.458375578101111434e-04
2.959337853315540333e-04
6.321454924408457501e-05
8.181754340375563359e-05
9.785015734701727180e-05
5.299979745535487557e-05
1.199723102741642944e-05
4.045378449159121402e-06
8.545493988098958402e-06
7.548917417701925003e-06
2.793282318922740779e-06
3.438935530264927176e-07
4.967781907027113751e-07
8.300173912928766523e-07
5.055895496588199713e-07
1.079014009152176069e-07
1.478437408033571856e-08
6.618519772180314278e-08
6.957258761485394489e-08
2.730479414996155104e-08
2.150316702395947935e-09
3.112524500372391861e-09
7.237206648596576669e-09
4.814694906168119521e-09
1.043550711166492415e-09
3.389958272694636688e-11
5.249752146091623982e-10
6.235824105538510983e-10
2.570227900910467131e-10
1.740679048937167250e-11
2.099902567708912134e-11
5.986064342158460966e-11
4.082264334564049012e-11
8.472715572348057886e-12
6.972226936411189660e-14
3.703475676792499393e-12
4.218266180047222819e-12
1.472134795754728406e-12
2.856054652228812857e-14
2.067990232997876344e-13
2.974754170137757041e-13
9.380501111862485330e-14
3.499282164265000585e-16
9.842916480833467095e-15
4.259619558444556866e-15
2.719896667582871013e-20
1.353553855800420825e-20
0.000000000000000000e+00
0.000000000000000000e+00
0.000000000000000000e+00
0.000000000000000000e+00
0.000000000000000000e+00
0.000000000000000000e+00
0.000000000000000000e+00
0.000000000000000000e+00
0.000000000000000000e+00
0.000000000000000000e+00
0.000000000000000000e+00
0.000000000000000000e+00
0.000000000000000000e+00
0.000000000000000000e+00
0.000000000000000000e+00
0.000000000000000000e+00
0.000000000000000000e+00
0.000000000000000000e+00
0.000000000000000000e+00
0.000000000000000000e+00
0.000000000000000000e+00
0.000000000000000000e+00
0.000000000000000000e+00
0.000000000000000000e+00
0.000000000000000000e+00
0.000000000000000000e+00
0.000000000000000000e+00
0.000000000000000000e+00
0.000000000000000000e+00
0.000000000000000000e+00
0.000000000000000000e+00
0.000000000000000000e+00
0.000000000000000000e+00
0.000000000000000000e+00
0.000000000000000000e+00
0.000000000000000000e+00
0.000000000000000000e+00
0.000000000000000000e+00
0.000000000000000000e+00
0.000000000000000000e+00
0.000000000000000000e+00
0.000000000000000000e+00
0.000000000000000000e+00
0.000000000000000000e+00
0.000000000000000000e+00
0.000000000000000000e+00
0.000000000000000000e+00
0.000000000000000000e+00
0.000000000000000000e+00
0.000000000000000000e+00
0.000000000000000000e+00
0.000000000000000000e+00
0.000000000000000000e+00
0.000000000000000000e+00
0.000000000000000000e+00
0.000000000000000000e+00
0.000000000000000000e+00
0.000000000000000000e+00
0.000000000000000000e+00
0.000000000000000000e+00
0.000000000000000000e+00
0.000000000000000000e+00
0.000000000000000000e+00
0.000000000000000000e+00
0.000000000000000000e+00
0.000000000000000000e+00
0.000000000000000000e+00
0.000000000000000000e+00
0.000000000000000000e+00
0.000000000000000000e+00
0.000000000000000000e+00
0.000000000000000000e+00
0.000000000000000000e+00
0.000000000000000000e+00
0.000000000000000000e+00
0.000000000000000000e+00
0.000000000000000000e+00
0.000000000000000000e+00
0.000000000000000000e+00
0.000000000000000000e+00
