1.150194235091980772e+02
8.671803259309113798e+01
3.533733327636219457e+01
2.840050786877734268e+01
2.579817293451547044e+01
2.441168856892113581e+01
2.352398421565700914e+01
2.291096979886824414e+01
2.248154290751429230e+01
2.210600471217236063e+01
2.183396663820422035e+01
2.155701561743510197e+01
2.136766565491153713e+01
2.117427958418946687e+01
2.099783534996964107e+01
2.082037406257826362e+01
2.069406263686535752e+01
2.056318422817741975e+01
2.040832942811668005e+01
2.033055805448876541e+01
2.019778143867161901e+01
2.007707194341016788e+01
1.996573768833226126e+01
1.988393648458717422e+01
1.981635976306982272e+01
1.970954339405262701e+01
1.962398497970606215e+01
1.952758849372948902e+01
1.947966560734851171e+01
1.937258930878795482e+01
1.929754633819487353e+01
1.919970735476917412e+01
1.911024801222523806e+01
1.905857438591888453e+01
1.899613312581450231e+01
1.887831118460357871e+01
1.880857043702249598e+01
1.876833701285423572e+01
1.870382276449909753e+01
1.861614130205867212e+01
1.854657631182074695e+01
1.849230909153411417e+01
1.843483381554423062e+01
1.833804878707867303e+01
1.830437058334512912e+01
1.826761917338217600e+01
1.814484024307533971e+01
1.806924722194253974e+01
1.799757484339341218e+01
1.796907539290025824e+01
1.790670803696026780e+01
1.782071395890971388e+01
1.777708478875189257e+01
1.770909306496754354e+01
1.765508088787231245e+01
1.758641626775034084e+01
1.753180381269097410e+01
1.745414756737176631e+01
1.739369655589899821e+01
1.733417017804167770e+01
1.727912857030745997e+01
1.722893554282080331e+01
1.718815930016651450e+01
1.712276561661587237e+01
1.708029354267329936e+01
1.703630813185076320e+01
1.696416468218409790e+01
1.692690885606355522e+01
1.688134397660439845e+01
1.683379708679032305e+01
1.675433699643622631e+01
1.671091728816219302e+01
1.665418414888501175e+01
1.660842455165913023e+01
1.653653360031331587e+01
1.648972408412646828e+01
1.644335888624151920e+01
1.639320122019237047e+01
1.637267345981846844e+01
1.633925974594824027e+01
1.629253618695272721e+01
1.624495309264088405e+01
1.618550855058166960e+01
1.614803968940183765e+01
1.607266723686983312e+01
1.605012158124687716e+01
1.602018657494864229e+01
1.594585654643587169e+01
1.587479443281702984e+01
1.583250677419463059e+01
1.580204268611663387e+01
1.577866140000864803e+01
1.574230121624742473e+01
1.571282007567334027e+01
1.565888322192709126e+01
1.562505097895720496e+01
1.554578189976492020e+01
1.547911652768570256e+01
1.545653257338456577e+01
1.539097323468371847e+01
1.534736380023070801e+01
1.528980085556022850e+01
1.525885706353149907e+01
1.523605334459759497e+01
1.518563887584927841e+01
1.515250753480224866e+01
1.511136610705452554e+01
1.507778718263883988e+01
1.506126947825580054e+01
1.502173246155980735e+01
1.495729808980913589e+01
1.491141304801635847e+01
1.484826647322675086e+01
1.480273186957791332e+01
1.473228527136799038e+01
1.469778331470603128e+01
1.463464437004738805e+01
1.461973088748903038e+01
1.461363043250707605e+01
1.460140022153672668e+01
1.455420337257414509e+01
1.449077641426397633e+01
1.447397833636754783e+01
1.440133710772547282e+01
1.434758546810404312e+01
1.431070096975154904e+01
1.429212201959256845e+01
1.427721089524579590e+01
1.426667158823257076e+01
1.423350563584518724e+01
1.418991652924632518e+01
1.415639386668459565e+01
1.410324791125300514e+01
1.408892728589453824e+01
1.402140675750823817e+01
1.400557235520789412e+01
1.397626200107015038e+01
1.393266129405314757e+01
1.391840516389398985e+01
1.389861346810849696e+01
1.385624572816889177e+01
1.381283071314767241e+01
1.378205181740944951e+01
1.376576791231118335e+01
1.374512097339960626e+01
1.373594953382157335e+01
1.369572795972464974e+01
1.365092356153244424e+01
1.362157426020379702e+01
1.361018474931123556e+01
1.358688406437638285e+01
