6.196771410453979456e+01
6.149071752457058437e+01
5.820201263936539959e+01
5.752748822494172742e+01
5.814588394066880994e+01
5.820850673048661861e+01
5.791430473683890767e+01
5.772278785030864867e+01
5.765750335743636867e+01
5.763883218857206714e+01
5.764459973360951750e+01
5.766437814163894160e+01
5.768165052207154986e+01
5.768800664724284388e+01
5.768592711421486285e+01
5.768103782418457826e+01
5.767698050570198376e+01
5.767483906601259491e+01
5.767431198408208814e+01
5.767471091823244222e+01
5.767544024068673991e+01
5.767612057078077470e+01
5.767656469379654283e+01
5.767672864513464503e+01
5.767666288510778116e+01
5.767647153990309761e+01
5.767626668629023357e+01
5.767613044392764721e+01
5.767609220575301521e+01
5.767613257757111711e+01
5.767620643220868715e+01
5.767627050144271550e+01
5.767630136306404154e+01
5.767629857857118481e+01
5.767627645225957167e+01
5.767625207122442532e+01
5.767623683511157395e+01
5.767623361035632001e+01
5.767623883928170159e+01
5.767624681781774854e+01
5.767625299479018963e+01
5.767625544750580247e+01
5.767625470785917940e+01
5.767625242192601576e+01
5.767625023817244312e+01
5.767624906983854061e+01
5.767624897417276486e+01
5.767624952603839716e+01
5.767625017576187929e+01
5.767625059339404459e+01
5.767625070823958566e+01
5.767625063412446451e+01
5.767625048859296299e+01
5.767625037105963770e+01
5.767625031110410561e+01
5.767625030414615850e+01
5.767625031061720620e+01
5.767625033154144631e+01
5.767625036320330878e+01
5.767625038610233901e+01
5.767625039213789506e+01
5.767625038670500714e+01
5.767625037379398378e+01
5.767625036351449097e+01
5.767625036174069209e+01
5.767625036396007943e+01
5.767625036946493111e+01
5.767625037128608056e+01
5.767625036785465653e+01
5.767625036873566557e+01
5.767625036875333677e+01
5.767625036875392652e+01
5.767625036875392652e+01
5.767625036875392652e+01
5.767625036875392652e+01
5.767625036875392652e+01
5.767625036875392652e+01
5.767625036875392652e+01
5.767625036875392652e+01
5.767625036875392652e+01
5.767625036875392652e+01
5.767625036875392652e+01
5.767625036875392652e+01
5.767625036875392652e+01
5.767625036875392652e+01
5.767625036875392652e+01
5.767625036875392652e+01
5.767625036875392652e+01
5.767625036875392652e+01
5.767625036875392652e+01
5.767625036875392652e+01
5.767625036875392652e+01
5.767625036875392652e+01
5.767625036875392652e+01
5.767625036875392652e+01
5.767625036875392652e+01
5.767625036875392652e+01
5.767625036875392652e+01
5.767625036875392652e+01
5.767625036875392652e+01
5.767625036875392652e+01
5.767625036875392652e+01
5.767625036875392652e+01
5.767625036875392652e+01
5.767625036875392652e+01
5.767625036875392652e+01
5.767625036875392652e+01
5.767625036875392652e+01
5.767625036875392652e+01
5.767625036875392652e+01
5.767625036875392652e+01
5.767625036875392652e+01
5.767625036875392652e+01
5.767625036875392652e+01
5.767625036875392652e+01
5.767625036875392652e+01
5.767625036875392652e+01
5.767625036875392652e+01
5.767625036875392652e+01
5.767625036875392652e+01
5.767625036875392652e+01
5.767625036875392652e+01
5.767625036875392652e+01
5.767625036875392652e+01
5.767625036875392652e+01
5.767625036875392652e+01
5.767625036875392652e+01
5.767625036875392652e+01
5.767625036875392652e+01
5.767625036875392652e+01
5.767625036875392652e+01
5.767625036875392652e+01
5.767625036875392652e+01
5.767625036875392652e+01
5.767625036875392652e+01
5.767625036875392652e+01
5.767625036875392652e+01
5.767625036875392652e+01
5.767625036875392652e+01
5.767625036875392652e+01
5.767625036875392652e+01
5.767625036875392652e+01
5.767625036875392652e+01
5.767625036875392652e+01
5.767625036875392652e+01
5.767625036875392652e+01
5.767625036875392652e+01
5.767625036875392652e+01
5.767625036875392652e+01
5.767625036875392652e+01
5.767625036875392652e+01
