1.328211718928889240e+03
1.289424120249571388e+03
1.253644410112910919e+03
1.220213082268706785e+03
1.188762592396503351e+03
1.159012270819031755e+03
1.130737579427847550e+03
1.103764631208834771e+03
1.077962111610622514e+03
1.053232591081811961e+03
1.029501798796209641e+03
1.006712824222874701e+03
9.848212159740786547e+02
9.637907466963674779e+02
9.435919732358215697e+02
9.242007608550102304e+02
9.055966565337133716e+02
8.877621930109316963e+02
8.706821695315961733e+02
8.543432982559879747e+02
8.387330974341003866e+02
8.238408241727138375e+02
8.096562785201717816e+02
7.961699006585823781e+02
7.833726878612939117e+02
7.712555039384067186e+02
7.598096156204749150e+02
7.490263728010868363e+02
7.388966198368340201e+02
7.294108119693523804e+02
7.205594674079208062e+02
7.123324293396101439e+02
7.047190772724153476e+02
6.977077556543332548e+02
6.912855779121631485e+02
6.854379809090517028e+02
6.801488527484973474e+02
6.754006927545048029e+02
6.711745591215687909e+02
6.674486703699363943e+02
6.641988037717941324e+02
6.613995195480086977e+02
6.590238194835623062e+02
6.570418611687003931e+02
6.554217357808180395e+02
6.541304387631545296e+02
6.531338320302362490e+02
6.523963433743383575e+02
6.518829781799798866e+02
6.515626932604009198e+02
6.514059595600322154e+02
6.513854662903119106e+02
6.514768415706109863e+02
6.516604870257835955e+02
6.519203753099036476e+02
6.522442018299230995e+02
6.526222316931497289e+02
6.530473330695253935e+02
6.535144220727814854e+02
6.540194837109019090e+02
6.545594875648478137e+02
6.551323822640322305e+02
6.557365276253399315e+02
6.563707022072989048e+02
6.570340324201079056e+02
6.577258152860606515e+02
6.584454819237843139e+02
6.591925123202073564e+02
6.599664424072109341e+02
6.607668681052979309e+02
6.615934273821054603e+02
6.624458112265957652e+02
6.633237369862474679e+02
6.642269306918029770e+02
6.651551463223083829e+02
6.661081606925566803e+02
6.670857893910947496e+02
6.680878357044085760e+02
6.691141179001838282e+02
6.701644607223801131e+02
6.712387166141339776e+02
6.723366979969289332e+02
6.734582604290066001e+02
6.746032618647581103e+02
6.757715520577123698e+02
6.769629929099314722e+02
6.781774645290157650e+02
6.794148425155995028e+02
6.806750122011875419e+02
6.819578622707772411e+02
6.832632862923668426e+02
6.845911606332955444e+02
6.859413957807722682e+02
6.873138911700908693e+02
6.887085463554091120e+02
6.901252704331043333e+02
6.915639757005830006e+02
6.930245724633675763e+02
6.945069903839445260e+02
6.960111314315070103e+02
6.975369318030913064e+02
6.990843066809685524e+02
7.006531803689159688e+02
7.022434841524745934e+02
7.038551471653312319e+02
7.054881042193246685e+02
7.071422886582241745e+02
7.088176428526129484e+02
7.105140995952774574e+02
7.122315975466639202e+02
7.139700709136967589e+02
7.157294732311640928e+02
7.175097432833356379e+02
7.193108290803054388e+02
7.211326751325449322e+02
7.229752329235167281e+02
7.248384433263105393e+02
7.267222749133467232e+02
7.286266657831650946e+02
7.305515681190978512e+02
7.324969426390142644e+02
7.344627346278472260e+02
7.364489013073349497e+02
7.384554029955323813e+02
7.404821809044689189e+02
7.425292105987545028e+02
7.445964510484330958e+02
7.466838658360693444e+02
7.487914158271911447e+02
7.509190603670848532e+02
7.530667628815716625e+02
7.552344870320658856e+02
7.574222027423219288e+02
7.596298785676767693e+02
7.618574651834915130e+02
7.641049313559743723e+02
7.663722502015177724e+02
7.686593893501745924e+02
7.709663161262994890e+02
7.732929878096872471e+02
7.756393529399591671e+02
7.780054200388514118e+02
7.803911496217023114e+02
7.827965193203832541e+02
7.852214858285716446e+02
7.876660239952228721e+02
7.901301225848962986e+02
7.926137520021654836e+02
7.951168843874155527e+02
7.976394888409473651e+02
