4.350803946388635879e+00
4.178065469985881464e+00
3.736275548479382369e+00
3.131934037043015984e+00
2.642856105997121396e+00
2.190229202295009614e+00
1.944426854151791284e+00
1.841867335659818528e+00
1.773594159741835652e+00
1.740641732023812116e+00
1.824072876255645737e+00
1.707055203610077898e+00
1.434938904534919013e+00
1.403012144937707095e+00
1.333220832917347609e+00
1.289423282262741610e+00
1.251569044658314978e+00
1.148533731632689125e+00
1.040845054704130357e+00
9.815883972633192567e-01
9.536405490857202683e-01
9.354115157353952714e-01
9.110665916015929788e-01
8.746334785782381438e-01
8.233885548468751203e-01
7.849336786662790555e-01
7.482301080305298058e-01
7.164982137294946263e-01
6.859801677835066780e-01
6.628728206000578105e-01
6.380113876817019580e-01
6.206857132819358913e-01
6.030234206181119827e-01
5.896693880101635532e-01
5.761434975850336926e-01
5.640551046191870643e-01
5.523439501323144096e-01
5.422603334837561295e-01
5.321828399390111652e-01
5.229992107950189872e-01
5.135950110242013533e-01
5.054382373869590328e-01
4.974636554425043156e-01
4.899797932241050646e-01
4.822799522468015909e-01
4.737710242673964234e-01
4.666780136393373080e-01
4.599491933843724012e-01
4.536945822901365388e-01
4.473859723447741188e-01
4.411256922199769392e-01
4.355812957150148601e-01
4.294990754834198676e-01
4.243473763672092613e-01
4.192404881976840580e-01
4.149729995563849472e-01
4.094216738475073281e-01
4.046586901445293205e-01
3.999391815733377986e-01
3.955182217092382824e-01
3.911628659212670889e-01
3.873331587322061398e-01
3.829006055663600194e-01
3.785197164227701028e-01
3.746976822009791541e-01
3.706897852949795902e-01
3.672286434622483164e-01
3.634710224368963849e-01
3.601601222790313250e-01
3.570030663918877800e-01
3.534186284598335726e-01
3.505706285583526927e-01
3.479132721810082596e-01
3.443497937778094431e-01
3.410745823420296419e-01
3.380928214316429314e-01
3.350448652829289276e-01
3.327599105889145759e-01
3.295816090730164238e-01
3.271118447863874956e-01
3.241984241594720317e-01
3.219246406375975700e-01
3.192326064162815391e-01
3.165791453429896429e-01
3.144986797600337058e-01
3.118373595907471540e-01
3.097828315790985276e-01
3.077091585121612405e-01
3.051220189629118562e-01
3.032642590285487549e-01
3.010558343633755185e-01
2.990943121375543856e-01
2.969660645678504074e-01
2.948988222736165787e-01
2.930220269146712186e-01
2.911254171643202215e-01
2.891869744907987205e-01
2.872984450074960727e-01
2.848949582985666473e-01
2.833055834757748914e-01
2.811935288895759943e-01
2.793671478548324649e-01
2.777991134716699118e-01
2.761348273683837395e-01
2.745033833044397409e-01
2.728567532042171506e-01
2.712454003939503422e-01
2.698274719817239098e-01
2.684893324001630943e-01
2.669559856958509392e-01
2.654846566954744413e-01
2.639014493034644304e-01
2.622656504440347702e-01
2.606617623730783095e-01
2.592214971486618835e-01
2.570126822384736776e-01
2.558639431421949051e-01
2.544532605129606329e-01
2.530285044253340332e-01
2.515857015897712823e-01
2.504447922814669325e-01
2.490615113792635227e-01
2.477131105105083164e-01
2.463640194697848673e-01
2.452312214893175857e-01
2.439529675856240698e-01
2.429475198209570252e-01
2.418813346721125357e-01
2.409833979070135634e-01
2.397785807252690859e-01
2.387801521645141478e-01
2.376936107998162684e-01
2.366115281506518397e-01
2.354495415133853187e-01
2.340461460328439602e-01
2.332176894973861381e-01
2.324131693976763668e-01
2.309470656153085888e-01
2.297746864127803712e-01
2.289307952216924069e-01
2.276290088192403638e-01
2.265490698966476368e-01
2.255462274002092982e-01
2.247304513189745667e-01
2.237120194513191884e-01
2.229446273246339927e-01
2.221690756580458337e-01
2.208340698589688622e-01
2.197997568591735784e-01
2.190822104100094703e-01
2.179946829965566102e-01
