1.044999999999999957e-01
3.322999999999999843e-01
5.678999999999999604e-01
6.860000000000000542e-01
7.280999999999999694e-01
7.486000000000000432e-01
7.611999999999999877e-01
7.655999999999999472e-01
7.650000000000000133e-01
7.641999999999999904e-01
7.651000000000000023e-01
7.644999999999999574e-01
7.665999999999999481e-01
7.664999999999999591e-01
7.713999999999999746e-01
7.630000000000000115e-01
7.667000000000000481e-01
7.550999999999999934e-01
7.537000000000000366e-01
7.409000000000000030e-01
7.415000000000000480e-01
7.252999999999999448e-01
7.282999999999999474e-01
7.088999999999999746e-01
7.178999999999999826e-01
6.989999999999999547e-01
7.106999999999999984e-01
6.936999999999999833e-01
7.085000000000000187e-01
6.955999999999999961e-01
7.094000000000000306e-01
7.012000000000000455e-01
7.173000000000000487e-01
7.133000000000000451e-01
7.262999999999999456e-01
7.252999999999999448e-01
7.398000000000000131e-01
7.415000000000000480e-01
7.578000000000000291e-01
7.623999999999999666e-01
7.774999999999999689e-01
7.858000000000000540e-01
8.020000000000000462e-01
8.102000000000000313e-01
8.201000000000000512e-01
8.286999999999999922e-01
8.381999999999999451e-01
8.435000000000000275e-01
8.485000000000000320e-01
8.518000000000000016e-01
8.559999999999999831e-01
8.584000000000000519e-01
8.608999999999999986e-01
8.630999999999999783e-01
8.646000000000000352e-01
8.656000000000000361e-01
8.669000000000000039e-01
8.680999999999999828e-01
8.692999999999999616e-01
8.696000000000000396e-01
8.707000000000000295e-01
8.712999999999999634e-01
8.718000000000000194e-01
8.720999999999999863e-01
8.723999999999999533e-01
8.727000000000000313e-01
8.730999999999999872e-01
8.735000000000000542e-01
8.740999999999999881e-01
8.743999999999999551e-01
8.750000000000000000e-01
8.756000000000000449e-01
8.762999999999999678e-01
8.771999999999999797e-01
8.777000000000000357e-01
8.783999999999999586e-01
8.786000000000000476e-01
8.793999999999999595e-01
8.799000000000000155e-01
8.801999999999999824e-01
8.803999999999999604e-01
8.808000000000000274e-01
8.810999999999999943e-01
8.812999999999999723e-01
8.814999999999999503e-01
8.817000000000000393e-01
8.820000000000000062e-01
8.820000000000000062e-01
8.818000000000000282e-01
8.820999999999999952e-01
8.823999999999999622e-01
8.829000000000000181e-01
8.836000000000000520e-01
8.838000000000000300e-01
8.841999999999999860e-01
8.844999999999999529e-01
8.848000000000000309e-01
8.850000000000000089e-01
8.850999999999999979e-01
8.852999999999999758e-01
8.853999999999999648e-01
8.854999999999999538e-01
8.853999999999999648e-01
8.854999999999999538e-01
8.857000000000000428e-01
8.861999999999999877e-01
8.862999999999999767e-01
8.869000000000000217e-01
8.870999999999999996e-01
8.871999999999999886e-01
8.875999999999999446e-01
8.877000000000000446e-01
8.881999999999999895e-01
8.883999999999999675e-01
8.887000000000000455e-01
8.887000000000000455e-01
8.887000000000000455e-01
8.891000000000000014e-01
8.895999999999999464e-01
8.899000000000000243e-01
8.901999999999999913e-01
8.907000000000000473e-01
8.910000000000000142e-01
8.911999999999999922e-01
8.917000000000000481e-01
8.918000000000000371e-01
8.921000000000000041e-01
8.920000000000000151e-01
8.922999999999999821e-01
8.925999999999999490e-01
8.924999999999999600e-01
8.930000000000000160e-01
8.931999999999999940e-01
8.932999999999999829e-01
8.933999999999999719e-01
8.937000000000000499e-01
8.940000000000000169e-01
8.941000000000000059e-01
8.944999999999999618e-01
8.948000000000000398e-01
8.950000000000000178e-01
8.954999999999999627e-01
8.959000000000000297e-01
8.961000000000000076e-01
8.961999999999999966e-01
8.962999999999999856e-01
8.962999999999999856e-01
8.964999999999999636e-01
8.968000000000000416e-01
8.969000000000000306e-01
8.971999999999999975e-01
