1.044999999999999957e-01
1.610000000000000042e-01
1.751000000000000056e-01
2.579000000000000181e-01
3.195000000000000062e-01
3.721999999999999753e-01
4.263000000000000123e-01
4.571999999999999953e-01
4.999000000000000110e-01
5.279000000000000359e-01
5.597999999999999643e-01
5.796000000000000041e-01
6.028000000000000025e-01
6.165000000000000480e-01
6.354999999999999538e-01
6.417000000000000481e-01
6.569000000000000394e-01
6.775999999999999801e-01
6.856999999999999762e-01
6.951000000000000512e-01
7.020999999999999464e-01
7.151999999999999469e-01
7.191999999999999504e-01
7.277000000000000135e-01
7.329999999999999849e-01
7.385000000000000453e-01
7.447000000000000286e-01
7.491999999999999771e-01
7.518000000000000238e-01
7.572999999999999732e-01
7.581999999999999851e-01
7.668000000000000371e-01
7.661000000000000032e-01
7.733999999999999764e-01
7.743999999999999773e-01
7.792999999999999927e-01
7.834999999999999742e-01
7.870000000000000329e-01
7.893000000000000016e-01
7.934999999999999831e-01
7.920000000000000373e-01
7.962000000000000188e-01
7.980000000000000426e-01
7.997999999999999554e-01
8.023000000000000131e-01
8.034000000000000030e-01
8.045999999999999819e-01
8.070000000000000506e-01
8.075999999999999845e-01
8.088999999999999524e-01
8.107999999999999652e-01
8.126999999999999780e-01
8.139999999999999458e-01
8.157999999999999696e-01
8.167999999999999705e-01
8.167999999999999705e-01
8.188999999999999613e-01
8.195999999999999952e-01
8.206999999999999851e-01
8.215999999999999970e-01
8.225999999999999979e-01
8.227999999999999758e-01
8.246999999999999886e-01
8.262000000000000455e-01
8.260999999999999455e-01
8.279999999999999583e-01
8.282000000000000473e-01
8.290999999999999481e-01
8.300999999999999490e-01
8.305000000000000160e-01
8.308999999999999719e-01
8.324000000000000288e-01
8.327999999999999847e-01
8.342000000000000526e-01
8.348999999999999755e-01
8.354000000000000314e-01
8.359999999999999654e-01
8.364000000000000323e-01
8.368999999999999773e-01
8.374000000000000332e-01
8.376000000000000112e-01
8.386000000000000121e-01
8.387000000000000011e-01
8.399999999999999689e-01
8.398999999999999799e-01
8.411999999999999478e-01
8.407999999999999918e-01
8.419999999999999707e-01
8.420999999999999597e-01
8.427999999999999936e-01
8.427999999999999936e-01
8.434000000000000385e-01
8.443000000000000504e-01
8.445000000000000284e-01
8.448999999999999844e-01
8.451999999999999513e-01
8.458999999999999853e-01
8.456000000000000183e-01
8.468999999999999861e-01
8.463000000000000522e-01
8.467999999999999972e-01
8.477999999999999980e-01
8.475000000000000311e-01
8.480999999999999650e-01
8.478999999999999870e-01
8.487000000000000099e-01
8.481999999999999540e-01
8.496000000000000218e-01
8.488999999999999879e-01
8.499999999999999778e-01
8.505000000000000338e-01
8.515000000000000346e-01
8.508999999999999897e-01
8.515000000000000346e-01
8.518000000000000016e-01
8.518999999999999906e-01
8.525000000000000355e-01
8.525000000000000355e-01
8.536000000000000254e-01
8.538000000000000034e-01
8.537000000000000144e-01
8.541999999999999593e-01
8.546000000000000263e-01
8.547000000000000153e-01
8.556000000000000272e-01
8.566000000000000281e-01
8.568000000000000060e-01
8.580999999999999739e-01
8.578999999999999959e-01
8.581999999999999629e-01
8.586000000000000298e-01
8.598000000000000087e-01
8.592999999999999527e-01
8.612999999999999545e-01
8.605000000000000426e-01
8.608999999999999986e-01
8.615000000000000435e-01
8.627000000000000224e-01
8.615000000000000435e-01
8.627000000000000224e-01
8.622999999999999554e-01
8.631999999999999673e-01
8.629000000000000004e-01
8.639999999999999902e-01
8.629000000000000004e-01
8.649999999999999911e-01
8.639000000000000012e-01
8.652999999999999581e-01
8.648000000000000131e-01
8.658000000000000140e-01
8.649000000000000021e-01
