1.356797368668808986e+03
1.347326415625042273e+03
1.340595391462121370e+03
1.334666844086648780e+03
1.329550496521123250e+03
1.325136960473597583e+03
1.320932182465925052e+03
1.316964572431061470e+03
1.313278884584130083e+03
1.309846970368646680e+03
1.306748884088391605e+03
1.303899927392053542e+03
1.301258753712515500e+03
1.298773901392178914e+03
1.296449968908814299e+03
1.294232555385175147e+03
1.292160949439444266e+03
1.290185052598833636e+03
1.288209157159417600e+03
1.286304176738950900e+03
1.284418318284313273e+03
1.282647630064888972e+03
1.280984092654645565e+03
1.279393267842061960e+03
1.277790381669564340e+03
1.276309484353229891e+03
1.274856008990372402e+03
1.273469320483012098e+03
1.272130035276468334e+03
1.270805790190444895e+03
1.269537318867265640e+03
1.268354639256606333e+03
1.267155314541396592e+03
1.265951531196562200e+03
1.264774668966808804e+03
1.263628517321897561e+03
1.262478808591920142e+03
1.261356109281111230e+03
1.260275538941612467e+03
1.259073219162175064e+03
1.258077310712999406e+03
1.257145533587284035e+03
1.256294473678584609e+03
1.255356888862194864e+03
1.254592085384757183e+03
1.253745626763123028e+03
1.252950627733941701e+03
1.252099050916314354e+03
1.251266203773568350e+03
1.250471231376089008e+03
1.249653902890882819e+03
1.248779205846552486e+03
1.247868609657073421e+03
1.247058557460723023e+03
1.246251856342939618e+03
1.245401668317788790e+03
1.244598610498018388e+03
1.243807432536552369e+03
1.243037371037289631e+03
1.242291533951415431e+03
1.241558489727405231e+03
1.240829889991045320e+03
1.240112020492374086e+03
1.239376301706146933e+03
1.238665766765867147e+03
1.237970656858283519e+03
1.237284279209751503e+03
1.236607201454445430e+03
1.235960221836480969e+03
1.235345336358302802e+03
1.234774176612579140e+03
1.234132196585050679e+03
1.233513228230069217e+03
1.232901534817382299e+03
1.232273541557077351e+03
1.231654595141216987e+03
1.231046313789008764e+03
1.230468432504292878e+03
1.229876101831680899e+03
1.229288120093954831e+03
1.228710790234639035e+03
1.228145722753096152e+03
1.227580463624052072e+03
1.227012353103593796e+03
1.226438977075527873e+03
1.225876696844097523e+03
1.225319493382071869e+03
1.224785490335962777e+03
1.224261074353742515e+03
1.223711002780825083e+03
1.223187967307839472e+03
1.222661025740595051e+03
1.222154412021179951e+03
1.221651648723659264e+03
1.221136025860151904e+03
1.220642351223763626e+03
1.220116855665034564e+03
1.219617715137840833e+03
1.219118302681542218e+03
1.218648823961533253e+03
1.218158155850519961e+03
1.217686136203642036e+03
1.217202875240074718e+03
1.216710062515411437e+03
1.216232882128484562e+03
1.215786856424648931e+03
1.215329434445699007e+03
1.214848875448948320e+03
1.214388901082588063e+03
1.213948894068533946e+03
1.213497184773666731e+03
1.213033680695953763e+03
1.212588051602437190e+03
1.212133815010504122e+03
1.211690247570500787e+03
1.211256020225681823e+03
1.210826361345380519e+03
1.210407999457128881e+03
1.209981584851422895e+03
1.209532646172091972e+03
1.209119637177376944e+03
1.208712305737627503e+03
1.208284606806866577e+03
1.207888245724960143e+03
1.207490252211109237e+03
1.207066080850476510e+03
1.206670152113477116e+03
1.206265912535321149e+03
1.205865117048502498e+03
1.205480718255624197e+03
1.205067102428952921e+03
1.204692425230641902e+03
1.204318231027605634e+03
1.203911968704832134e+03
1.203549205604883127e+03
1.203173515191342403e+03
1.202776568965763772e+03
1.202383056569658038e+03
1.201982772173313151e+03
1.201611491607915013e+03
1.201250780364295451e+03
1.200883313641787026e+03
1.200503633806251401e+03
1.200149273712064769e+03
1.199789990259819660e+03
1.199437392899667429e+03
1.199072606253356980e+03
1.198717502502696334e+03
1.198357591324340319e+03
1.198010361320137235e+03
