1.887637494131980418e+02
2.056591442404721022e+02
3.490924018872757983e+01
2.699169345576831347e+01
2.356487777457954991e+01
2.156272280823187515e+01
2.024801526986977862e+01
1.932399884008471957e+01
1.864874788913603254e+01
1.814438958614053021e+01
1.776471917754711782e+01
1.747752120033374723e+01
1.726360761792694731e+01
1.710799899845457261e+01
1.700118976016599603e+01
1.693498006915142895e+01
1.690335792254238712e+01
1.689876560561732077e+01
1.691744311705779680e+01
1.695654439893761989e+01
1.701196931674940060e+01
1.707832487163483748e+01
1.715263367584044474e+01
1.723099087924202166e+01
1.731166007554989505e+01
1.739194937254542594e+01
1.746915431674215569e+01
1.754117141840015748e+01
1.760751614306899882e+01
1.766703463868312340e+01
1.771880645184840475e+01
1.776117023968781439e+01
1.779524258644896051e+01
1.782267411049523176e+01
1.784381084648750715e+01
1.785916837230384147e+01
1.786931666165752475e+01
1.787426253547790012e+01
1.787538773606792830e+01
1.787384992869144185e+01
1.787004393205425501e+01
1.786460981736442122e+01
1.785784147450880965e+01
1.785034481247305393e+01
1.784229612554347355e+01
1.783373882822985479e+01
1.782467796849370956e+01
1.781528261482694120e+01
1.780548984016372671e+01
1.779563187585385364e+01
1.778569561578596492e+01
1.777586713498986271e+01
1.776611755278979743e+01
1.775640388414734261e+01
1.774686590310151502e+01
1.773754880326408312e+01
1.772843526537853975e+01
1.771938561940999080e+01
1.771051212800968955e+01
1.770192202122596115e+01
1.769358125830218498e+01
1.768538376346855046e+01
1.767741563162976703e+01
1.766967157891637541e+01
1.766214937588789624e+01
1.765487264877028650e+01
1.764789488424412411e+01
1.764121044662154603e+01
1.763469482315696979e+01
1.762842594134098206e+01
1.762240222563650605e+01
1.761664422590107648e+01
1.761105623169117607e+01
1.760569283674139385e+01
1.760054352517363441e+01
1.759564863256212774e+01
1.759094418251445191e+01
1.758637834958124557e+01
1.758203755818986025e+01
1.757790908583926992e+01
1.757398861487794406e+01
1.757025669874247242e+01
1.756672228420890747e+01
1.756335998182724367e+01
1.756018819026922273e+01
1.755719906391439977e+01
1.755440964487312172e+01
1.755181533121688631e+01
1.754939929528524090e+01
1.754716951902734579e+01
1.754509384437488961e+01
1.754317668587324874e+01
1.754143581889934111e+01
1.753985631158509051e+01
1.753843775958633344e+01
1.753717954558847936e+01
1.753604028457517927e+01
1.753505674307582751e+01
1.753421930053756483e+01
1.753350911120760358e+01
1.753292066635620117e+01
1.753245755215911217e+01
1.753213219143739465e+01
1.753194120995216920e+01
1.753187965219227706e+01
1.753194474450948448e+01
1.753213113345809404e+01
1.753243213294775771e+01
1.753284864432182388e+01
1.753336797549297543e+01
1.753399183685738549e+01
1.753472564222688135e+01
1.753555141408250151e+01
1.753648011515742056e+01
1.753751029958901597e+01
1.753864140171556230e+01
1.753987317620385511e+01
1.754120053640736998e+01
1.754262354165319238e+01
1.754413124533980550e+01
1.754572862439950143e+01
1.754741380211829238e+01
1.754918769817688684e+01
1.755104726864319886e+01
1.755298893806191884e+01
1.755499604114583434e+01
1.755708212622549524e+01
1.755924392512689636e+01
1.756147879341733642e+01
1.756378908692033392e+01
1.756616854300069974e+01
1.756862145554795518e+01
1.757114475252166130e+01
1.757373875419580500e+01
1.757639784474914890e+01
1.757911972420442837e+01
1.758190958790643066e+01
1.758476111469449776e+01
1.758767131042699106e+01
1.759064242249860044e+01
1.759367159315550566e+01
1.759675642152751962e+01
1.759989121701316961e+01
1.760307714323315409e+01
1.760632097068395652e+01
1.760962110479903231e+01
1.761297590867650698e+01
1.761638688976007927e+01
1.761984988144187625e+01
1.762336750963988052e+01
1.762692839102977160e+01
