4.328067756907273633e+00
4.068309164807127232e+00
1.199981762766356708e+00
8.477962774720575467e-01
8.171595530075044245e-01
8.820783425966627345e-01
7.697993986264688449e-01
6.554624464246679993e-01
6.165623524924201959e-01
6.629005574443186388e-01
6.024552017579244412e-01
6.258826058462479969e-01
5.779303431498988841e-01
5.129678264181510849e-01
5.328939035756055098e-01
5.926915623090043272e-01
5.510606012078538285e-01
5.062047640417305372e-01
4.291805353860786987e-01
4.308615398641791883e-01
4.373054487361482390e-01
4.179586806005934352e-01
3.922908112989369478e-01
3.915144594348233809e-01
4.383342445219415850e-01
3.622503551889904583e-01
3.440614448230934208e-01
3.744591532715495497e-01
3.098050415974858418e-01
2.731956751763703339e-01
3.285322248060643102e-01
3.315302205187828366e-01
3.778208165001026297e-01
2.553179555947997503e-01
3.048328440284078789e-01
2.842179247636946182e-01
2.585191402471128663e-01
2.631767624347809420e-01
2.721941695015899221e-01
2.647022024852944133e-01
2.394891753882132102e-01
2.204665553767244934e-01
2.212391935904576556e-01
1.968882775544193442e-01
2.667191354502795320e-01
2.249320628968879965e-01
1.981627394322744429e-01
1.959251427560681769e-01
2.908694750989107014e-01
2.000446217731494947e-01
2.007545534819256128e-01
2.085684498360677597e-01
1.802770522470335257e-01
1.767373922545162068e-01
2.164501820244076058e-01
1.584378382701157051e-01
1.371610316014365283e-01
1.573980609877609904e-01
1.352347590875018490e-01
1.574143438502392245e-01
1.265707583644659351e-01
1.106082604349791221e-01
1.253889357170898944e-01
1.195806749244812950e-01
1.018691047861954441e-01
8.835416560614753334e-02
1.082737085011485356e-01
1.014229294694198591e-01
9.453814478753010120e-02
7.778143645026261432e-02
1.019915949104655828e-01
9.751484888681005714e-02
9.805639669503968259e-02
8.487220383941349033e-02
8.823089586117788263e-02
8.728345065430609395e-02
7.731947615406113694e-02
7.155186443707592381e-02
6.356658560289439597e-02
6.741728843074042132e-02
5.507128620695923155e-02
7.097700530317836709e-02
6.946463703012085988e-02
7.811469582952319801e-02
7.254660047510576304e-02
6.932391277454669209e-02
5.967562047715006118e-02
5.876952296014593263e-02
6.122661327572984785e-02
6.011121585189321825e-02
6.962677205868232633e-02
5.267488867382972423e-02
4.966398599024699628e-02
5.571798271247885986e-02
5.363091329101585952e-02
5.751820360939497584e-02
5.172764217852325597e-02
5.727350948709599571e-02
4.963463646546315694e-02
5.280991246448721310e-02
5.428650241966970214e-02
5.387857176758153316e-02
5.326503018057962557e-02
5.378614911097571311e-02
4.534600259252478255e-02
4.500198419518493947e-02
5.016838753133335410e-02
4.129014068309711655e-02
4.711619006039281798e-02
4.642358696452799499e-02
5.487602986074442690e-02
4.340387823715822352e-02
4.829588519150625897e-02
4.440310304891134652e-02
4.636743360690825932e-02
4.700081396344984314e-02
3.832588994502558050e-02
3.967397297948931090e-02
4.021767556500677188e-02
3.936284615780021034e-02
4.098103662879605535e-02
4.024959552175338962e-02
3.659944353822563307e-02
4.597693903184467412e-02
4.343239561187818565e-02
4.458200757045993612e-02
4.173082439747730771e-02
4.080109261483766403e-02
4.184974767202142426e-02
3.590915502476210719e-02
4.126614567854854781e-02
4.006672273931957684e-02
4.108062298664343082e-02
3.547982173153812341e-02
3.481986837752917147e-02
4.127759137690162339e-02
3.395515423695549123e-02
2.969613031269723383e-02
3.720900143036984936e-02
4.116999421576181956e-02
3.201807361946101826e-02
3.314486283436245823e-02
3.936264314737535075e-02
3.550399109464805886e-02
3.377926366252811952e-02
4.675421951473594795e-02
3.037499834918279060e-02
3.401996574511614163e-02
2.978590194506239297e-02
3.159424415134999553e-02
3.085401035894744237e-02
