6.280286762540785048e+02
6.279812617451398182e+02
5.701478800314279169e+02
5.297910834332731156e+02
4.948134765741675096e+02
4.631896736180763128e+02
4.339869123778244671e+02
4.067889454195251915e+02
3.813299023360650608e+02
3.573985672625288998e+02
3.348254975987334774e+02
3.135009657526348974e+02
2.933219023947963251e+02
2.742005510032641382e+02
2.560834475021459298e+02
2.388964515819949952e+02
2.225963751317238462e+02
2.071372023507666995e+02
1.924838602163629560e+02
1.786058242040127482e+02
1.654681844703658840e+02
1.530358282767824960e+02
1.412840484758923765e+02
1.301848758576373655e+02
1.197185941089203993e+02
1.098605179521548649e+02
1.005885079621509419e+02
9.188189350956110957e+01
8.372401582495128025e+01
7.608867640065879812e+01
6.896551459446021681e+01
6.233015690464153380e+01
5.616518525302591058e+01
5.045429080753694251e+01
4.517894668179195605e+01
4.032043559369243724e+01
3.586303457671950667e+01
3.178516458858427640e+01
2.806972804748998129e+01
2.470113626409169072e+01
2.165879772889935495e+01
1.892648928407218634e+01
1.648040692188062550e+01
1.430509005243165355e+01
1.237862924304363865e+01
1.067756025254425900e+01
9.182054727301922625e+00
7.874963859813769673e+00
6.739238324457136997e+00
5.756775663529350773e+00
4.912402341422035690e+00
4.188061372702908791e+00
3.570283636081011291e+00
3.043937418492822289e+00
2.596765313220825711e+00
2.218666790544951528e+00
1.898875822322100726e+00
1.628641483528526779e+00
1.400035101528663395e+00
1.206888158003589284e+00
1.041980320091459244e+00
9.011428815881596943e-01
7.807129189090847854e-01
6.761148298074965979e-01
5.858619793274201237e-01
5.067587216288902408e-01
4.384819443937510441e-01
3.793166740622339606e-01
3.278387135042420408e-01
2.843493063523162556e-01
2.464577699346769402e-01
2.137986238535568018e-01
1.859247519071171306e-01
1.628006357843571894e-01
1.424762679867259407e-01
1.258032397341145858e-01
1.117338467203292524e-01
9.937184646189170523e-02
9.018239255819049394e-02
8.158809415198785275e-02
7.443160399597974208e-02
6.961863915777490031e-02
6.484980737167533871e-02
6.050782226707080574e-02
5.756816909998303117e-02
5.499689138296732366e-02
5.269979183491581287e-02
5.221587531865907322e-02
5.149976479015858088e-02
4.994494887133665850e-02
4.955528493686436886e-02
4.908841351617386495e-02
4.873994668890094945e-02
4.905006982955229661e-02
4.813938267522183123e-02
4.752882780617401215e-02
4.810231987742324966e-02
4.735018841546210361e-02
4.707318842243358309e-02
4.716100147302954015e-02
4.730962459690381955e-02
4.682963597283248958e-02
4.677508456757846489e-02
4.568258569124252627e-02
4.624065525279465877e-02
4.576365469165046690e-02
4.666207863504073794e-02
4.609234524656450477e-02
4.535090783568047901e-02
4.520678570073420610e-02
4.529243466477294450e-02
4.581719302504245334e-02
4.602174022424070088e-02
4.549627135337112188e-02
4.525305235626435330e-02
4.525556485957495795e-02
4.469687601866734888e-02
4.526225651744204825e-02
4.469042598220559354e-02
4.502345620220735839e-02
4.489150287206349760e-02
4.540942819483963916e-02
4.449701256405440980e-02
4.448550065856029384e-02
4.421239330831677750e-02
4.412684860483707949e-02
4.547696430445265225e-02
4.438849185135369801e-02
4.483391192107435974e-02
4.426569929761397376e-02
4.387648343805569673e-02
4.425619476717363582e-02
4.377512368826060041e-02
4.360941110356907069e-02
4.404181301933205589e-02
4.386859282755711797e-02
4.387616527480027451e-02
4.383869441040072479e-02
4.409367956099248531e-02
4.384703047363904677e-02
4.390877066940308826e-02
4.350672248209397353e-02
4.392482836727346074e-02
4.284281263515429816e-02
4.291686838133326742e-02
4.361221482514077152e-02
4.344263449466122945e-02
4.326576540995895337e-02
4.391068918577014507e-02
4.312195035588959474e-02
4.289783444811961360e-02
