3.172958588109234825e+03
2.635216481049242702e+03
2.573962446946348791e+03
2.502994680904671895e+03
1.652079058280276286e+03
1.616248487828279167e+03
1.597651649019018805e+03
1.521374017165953546e+03
1.509866217230759048e+03
1.488514171659826161e+03
1.473737786014885387e+03
1.472934460936742653e+03
1.470924397156379428e+03
1.470250670183989314e+03
1.468562852735754177e+03
1.467589522129220995e+03
1.465253786470953855e+03
1.465459240232796446e+03
1.460460619272698068e+03
1.458390628079869657e+03
1.455788688850580456e+03
1.454822612780462578e+03
1.455135707511875808e+03
1.454822003147581427e+03
1.453685467398777519e+03
1.448975455956215910e+03
1.448826347754203198e+03
1.448001334390451802e+03
1.445983912046462137e+03
1.445700871190571888e+03
1.443645486889985477e+03
1.442285161040180355e+03
1.441399817327609981e+03
1.440581183541186192e+03
1.436602337186315935e+03
1.434073519501107057e+03
1.433122169829517588e+03
1.432397709261960927e+03
1.431501686878991222e+03
1.430517935570019290e+03
1.429929728778130539e+03
1.428791743220741637e+03
1.428425562431117214e+03
1.428036108088660512e+03
1.427729611903134128e+03
1.427049541110263135e+03
1.426835871764017384e+03
1.426528369112330665e+03
1.426435739551751794e+03
1.425962212119333344e+03
