4.350803946388635879e+00
2.895856064195616142e+01
3.055005713772594689e+01
3.013472328879997519e+01
3.144415246578130763e+01
3.894910775305763906e+01
3.639161534003168441e+01
3.913941561685310688e+01
3.850421615827743693e+01
3.763438302941760583e+01
3.953279812502144352e+01
3.860586697659450550e+01
3.874050005513174000e+01
4.025705029022777381e+01
3.929956992343247180e+01
3.820732104478767610e+01
4.008968389983961345e+01
3.839664745847294824e+01
3.699605791617743478e+01
3.929331524531436770e+01
3.829757880488950406e+01
3.829757880488950406e+01
3.590267442571086320e+01
3.681359607776222020e+01
3.681359607776222020e+01
3.681359607776222020e+01
3.681359607776222020e+01
3.681359607776222020e+01
3.681359607776222020e+01
3.681359607776222020e+01
3.681359607776222020e+01
3.681359607776222020e+01
3.681359607776222020e+01
3.681359607776222020e+01
3.681359607776222020e+01
3.681359607776222020e+01
3.681359607776222020e+01
3.681359607776222020e+01
3.681359607776222020e+01
3.681359607776222020e+01
3.681359607776222020e+01
3.681359607776222020e+01
3.681359607776222020e+01
3.681359607776222020e+01
3.681359607776222020e+01
3.681359607776222020e+01
3.681359607776222020e+01
3.681359607776222020e+01
3.681359607776222020e+01
3.681359607776222020e+01
4.276641140196063873e+01
4.276641140196063873e+01
4.098750512598932261e+01
3.942164562997484012e+01
3.925499020529647964e+01
3.953468994450492602e+01
3.953468994450492602e+01
3.953468994450492602e+01
4.120655273491200177e+01
4.126808038087862940e+01
4.126808038087862940e+01
4.179524456176058322e+01
3.725092326885501137e+01
3.902128336793644792e+01
3.935667176456187377e+01
3.935667176456187377e+01
3.935667176456187377e+01
4.014637600244905258e+01
4.010113929063864191e+01
4.082701794839201881e+01
4.146277042709882465e+01
4.146277042709882465e+01
3.934096581846200280e+01
3.866639101777334275e+01
4.018621488508098594e+01
4.018621488508098594e+01
4.018621488508098594e+01
4.018621488508098594e+01
4.018621488508098594e+01
4.018621488508098594e+01
4.018621488508098594e+01
4.018621488508098594e+01
4.018621488508098594e+01
3.948037979233762940e+01
3.948037979233762940e+01
3.948037979233762940e+01
3.948037979233762940e+01
3.948037979233762940e+01
4.261316855708433593e+01
4.204614538703639681e+01
4.204614538703639681e+01
4.336124216257527308e+01
4.429573562343632176e+01
4.226418033796902307e+01
4.233116224843191588e+01
4.082111609817946629e+01
4.036040648150345334e+01
4.042412565601485142e+01
4.134279802668839920e+01
4.058378085164211058e+01
3.997457886797770499e+01
4.005848536485663658e+01
4.005848536485663658e+01
4.003951147891365991e+01
3.953134963383893563e+01
4.039104871062899349e+01
3.906473145828397264e+01
3.924231627576192238e+01
4.082938976033133116e+01
4.454425519027569180e+01
4.619068086875122248e+01
4.562820401351889643e+01
4.484305487450820493e+01
4.421126734885399401e+01
4.329967071760560771e+01
4.329967071760560771e+01
4.195871049856803836e+01
4.072924080409253378e+01
4.385836726439509903e+01
4.434818024942217107e+01
4.337903939028026201e+01
4.197825077012053896e+01
4.160538897070657782e+01
4.160538897070657782e+01
4.160538897070657782e+01
4.160538897070657782e+01
4.160538897070657782e+01
4.160538897070657782e+01
4.160538897070657782e+01
4.160538897070657782e+01
4.160538897070657782e+01
4.224764444792670304e+01
4.140827842620825550e+01
4.296594082051313279e+01
4.296594082051313279e+01
4.296594082051313279e+01
4.296594082051313279e+01
4.296594082051313279e+01
4.296594082051313279e+01
4.296594082051313279e+01
4.296594082051313279e+01
4.296594082051313279e+01
4.296594082051313279e+01
4.296594082051313279e+01
4.296594082051313279e+01
4.296594082051313279e+01
4.296594082051313279e+01
4.296594082051313279e+01
4.296594082051313279e+01
4.296594082051313279e+01
4.270869797648506960e+01
