4.437845965502583923e+00
4.860230836184435077e+00
5.914832348908223292e-01
3.935445665668406701e-01
3.078741745371215699e-01
2.578203003784297342e-01
2.249526119193772933e-01
2.018522011747508338e-01
1.849709274010336579e-01
1.723619698261460997e-01
1.628702096113107678e-01
1.556902601809765085e-01
1.503424206208065217e-01
1.464522051339971487e-01
1.437819741767827342e-01
1.421267319014185571e-01
1.413361782361925167e-01
1.412213703130658637e-01
1.416883080990777588e-01
1.426658401460733361e-01
1.440514630913678484e-01
1.457103519635037647e-01
1.475680720686439462e-01
1.495270021536833638e-01
1.515437320613802208e-01
1.535509644862684819e-01
1.554810880911867144e-01
1.572815156326367592e-01
1.589401337493578092e-01
1.604280961397109295e-01
1.617223914688429576e-01
1.627814861648281819e-01
1.636332948338568571e-01
1.643190829350136273e-01
1.648475013348205120e-01
1.652314394802288644e-01
1.654851467140709409e-01
1.656087935595803307e-01
1.656369235743310464e-01
1.655984783899188684e-01
1.655033284739892141e-01
1.653674756067433638e-01
1.651982670353530636e-01
1.650108504844591817e-01
1.648096333112196721e-01
1.645957008783792141e-01
1.643691793849755833e-01
1.641342955433063577e-01
1.638894761767260011e-01
1.636430270689791799e-01
1.633946205672819618e-01
1.631489085473794010e-01
1.629051689923777801e-01
1.626623272763164096e-01
1.624238777501706976e-01
1.621909502542349113e-01
1.619631118070963272e-01
1.617368706578826143e-01
1.615150333728750665e-01
1.613002807032818675e-01
1.610917616301874578e-01
1.608868242593465836e-01
1.606876209633770203e-01
1.604940196455422186e-01
1.603059645698302338e-01
1.601240463918899848e-01
1.599496022787359473e-01
1.597824913381714895e-01
1.596196007515570670e-01
1.594628787061573849e-01
1.593122858135454789e-01
1.591683358201597398e-01
1.590286359649122350e-01
1.588945510911676795e-01
1.587658183019736990e-01
1.586434459866860325e-01
1.585258347354941422e-01
1.584116889121639782e-01
1.583031691273793506e-01
1.581999573186145813e-01
1.581019455445814292e-01
1.580086476411946550e-01
1.579202872778555089e-01
1.578362297183139307e-01
1.577569349293634071e-01
1.576822067704928276e-01
1.576124712944608763e-01
1.575476134530549854e-01
1.574872125547638613e-01
1.574314681483164891e-01
1.573795762820050792e-01
1.573316473194640575e-01
1.572881256451163501e-01
1.572486379622601016e-01
1.572131741622911638e-01
1.571817188123448283e-01
1.571532372870123040e-01
1.571286487495285322e-01
1.571077126860719597e-01
1.570899579528229340e-01
1.570752468315378680e-01
1.570636689766106431e-01
1.570555349585676941e-01
1.570507604214370634e-01
1.570492214774397710e-01
1.570508487853699564e-01
1.570555085090851732e-01
1.570630334963267760e-01
1.570734462806784304e-01
1.570864295599572191e-01
1.571020260940674818e-01
1.571203712283048559e-01
1.571410155246953655e-01
1.571642330515683472e-01
1.571899876623582271e-01
1.572182652155219018e-01
1.572490595777292222e-01
1.572822435828170884e-01
1.573178187139626372e-01
1.573555113061279598e-01
1.573954457826203801e-01
1.574375752255901539e-01
1.574819226270550154e-01
1.575284118887128049e-01
1.575769536241808100e-01
1.576271312012786918e-01
1.576792833282702200e-01
1.577333283008052478e-01
1.577892000080662327e-01
1.578469573456411923e-01
1.579064437476503380e-01
1.579677665613317128e-01
1.580308489856743770e-01
1.580956990275279583e-01
1.581621762913615614e-01
1.582302232777435536e-01
1.582999698702935998e-01
1.583712580399952718e-01
1.584440129333076208e-01
1.585182907350978498e-01
1.585940200015204804e-01
1.586711407108208349e-01
1.587495105979620791e-01
1.588291587534616800e-01
1.589102544397317518e-01
1.589927577926086300e-01
1.590766278895455188e-01
1.591619024166348040e-01
1.592484772086797395e-01
1.593364179136298464e-01
1.594254399483771290e-01
