8.927546276555082727e+01
6.866589946468185701e+01
4.037220451244835573e+01
3.833163820303192182e+01
3.289286107769746081e+01
1.386769521048871745e+01
1.361590835868651261e+01
1.395885208788864595e+01
1.234762951690509247e+01
1.126391901576744736e+01
1.023604905321203518e+01
9.490936414307810765e+00
9.458285064650066687e+00
9.276592411506365821e+00
9.633677548797757950e+00
9.229164993548394591e+00
8.904669006304580137e+00
8.710663394610067556e+00
8.721078896160808114e+00
8.459625902055922353e+00
8.082760731541110744e+00
7.981930032947278875e+00
7.888170307112189583e+00
7.651186234018672927e+00
7.811167967782982835e+00
7.740049875774322352e+00
7.473200531917084000e+00
7.567249571163997324e+00
7.404326654245538819e+00
7.368642698170272176e+00
7.271209651964615439e+00
7.416173889420181631e+00
7.320104764154409693e+00
7.207542736636169955e+00
7.169839844124705763e+00
7.132294322353009974e+00
7.011223435376349400e+00
6.919807128285130560e+00
7.014645586770233976e+00
6.931791979521213953e+00
6.861967483973326232e+00
6.874140155711862654e+00
6.858143286501059421e+00
6.801269956694217633e+00
6.772337560514816168e+00
6.717316653678491178e+00
6.704720946340006371e+00
6.655550218476053104e+00
6.651918355379501158e+00
6.593615539419833027e+00
6.637854317419253469e+00
