1.486571998862057740e+02
8.095885782072177506e+01
6.737902788362914919e+01
6.247179597093136039e+01
5.858217046519790472e+01
5.596991330852058866e+01
5.251621969274788171e+01
5.061286628117508712e+01
4.860695855082560257e+01
4.720191546493217771e+01
4.569532617160005117e+01
4.424968094252155026e+01
4.305150238205315816e+01
4.185976352731437089e+01
4.094440424253946986e+01
3.994800513606170966e+01
3.916813664231875691e+01
3.830138800076581163e+01
3.755017344344343400e+01
3.680499359510550761e+01
3.615659625161504209e+01
3.561251022307255454e+01
3.520584488542053236e+01
3.491326746943390447e+01
3.482522469101053986e+01
3.475224282624422756e+01
3.492840279074327725e+01
3.516683106901403733e+01
3.578495723448592969e+01
3.661859998050412912e+01
3.790020724841032518e+01
3.970723109853915389e+01
4.181048564950994972e+01
4.468757541805114641e+01
4.800494526373118021e+01
5.195960077454256520e+01
5.592659536753152594e+01
5.983174018809623362e+01
6.278301176431725850e+01
6.502240037021662999e+01
6.605102642377428879e+01
6.784290257991067108e+01
6.956685468389989069e+01
7.058411693511629892e+01
6.915491856357247968e+01
6.840269519251843633e+01
6.727154960552765317e+01
6.652246183649295119e+01
6.614791352767255717e+01
6.574531494848210400e+01
6.529435784400465081e+01
6.248780055840294523e+01
5.937030530439658094e+01
5.785712375045119416e+01
5.635769753797971759e+01
5.476464150917709617e+01
5.310108691799187852e+01
5.140706742145705732e+01
4.914206840947405652e+01
4.760772257994009493e+01
4.591114739785233922e+01
4.461533216103154587e+01
4.330416366904149328e+01
4.207572982259730310e+01
4.039828939984709422e+01
3.900473971806221840e+01
3.714820830498251070e+01
3.610400568517822961e+01
3.479873558717953586e+01
3.453963795216397870e+01
3.382911258283542821e+01
3.322973605303798195e+01
3.213923284823188453e+01
3.156034646910920927e+01
3.058906180254106388e+01
2.990790177717372345e+01
2.880434335501901799e+01
2.805971149757993643e+01
2.704680555699722788e+01
2.632831462461399141e+01
2.546737795335988253e+01
2.485295707683347288e+01
2.409402731289675614e+01
2.354065025902752950e+01
2.284155926748588072e+01
2.217409510648478843e+01
2.149622338088330409e+01
2.085724504037380100e+01
2.027967038882494677e+01
1.968987051571989610e+01
1.918747177608801024e+01
1.862147257441226245e+01
1.808608676822032990e+01
1.752159604822443129e+01
1.709506275712237056e+01
1.663650564336848348e+01
1.627355583465577737e+01
1.589714446834300077e+01
1.558220307998520227e+01
1.523963999495568267e+01
1.497290602586967623e+01
1.468626541679954833e+01
1.446296068924376144e+01
1.422097818357408627e+01
1.403876259145194005e+01
1.384140624981369072e+01
1.370235783014934405e+01
1.355488353896155118e+01
1.345650538908409644e+01
1.335485126878751494e+01
1.328782588716729407e+01
1.322029695063827859e+01
1.317447312859961528e+01
1.312875297425572363e+01
1.309503890158742934e+01
1.306123893603291286e+01
1.303383326759506033e+01
1.300608091748146045e+01
1.298151640393050243e+01
1.295680836247775680e+01
1.293378232775136638e+01
1.291075417042620543e+01
1.288866025180604069e+01
1.286678987445329980e+01
1.284544599089604588e+01
1.282441849848140158e+01
1.280381341697134623e+01
1.278350713299062846e+01
1.276359920204073184e+01
1.274396284059918649e+01
1.272462753305903327e+01
1.270556669660238747e+01
1.268686657941604068e+01
1.266836091925149077e+01
1.265021901009377281e+01
1.263227945122452134e+01
1.261462706255499278e+01
1.259719987719509504e+01
1.258004862396738588e+01
1.256311364572878553e+01
1.254636835823093044e+01
1.252994904235920615e+01
1.251367009445392675e+01
1.249761601022453839e+01
1.248188089238017362e+01
1.246615418562459787e+01
1.245077914921829532e+01
1.243548139097064187e+01
1.242055122992592331e+01
1.240565592774370351e+01
1.239104254923302051e+01
