4.328067756907273633e+00
3.196012120262996081e+00
1.140784147593838282e+00
8.633111312904441226e-01
7.592177339199693842e-01
7.037583592961960122e-01
6.682501851656309499e-01
6.437296084940803409e-01
6.265525328399221827e-01
6.115310050262449115e-01
6.006494820675193358e-01
5.895714412367545343e-01
5.819974427358119984e-01
5.742619999069291659e-01
5.672042305381360672e-01
5.601057790424810445e-01
5.550533220139647339e-01
5.498181856664472456e-01
5.436239936640177017e-01
5.405131387189010539e-01
5.352020740862152293e-01
5.303736942757572015e-01
5.259203240726408879e-01
5.226482759228374686e-01
5.199452070621434219e-01
5.156725523014555890e-01
5.122502157275929946e-01
5.083943562885300249e-01
5.064774408332909372e-01
5.021943888908686482e-01
4.991926700671454054e-01
4.952791107301174334e-01
4.917007370283599799e-01
4.896337919761058477e-01
4.871361415719305810e-01
4.824232639234936060e-01
4.796336340202503323e-01
4.780242970535198976e-01
4.754437271193143744e-01
4.719364686216973581e-01
4.691538690121803690e-01
4.669831802007150534e-01
4.646841691611197089e-01
4.608127680224973766e-01
4.594656398731556401e-01
4.579955834746375354e-01
4.530844262623640595e-01
4.500607054170520649e-01
4.471938102750869781e-01
4.460538322553608270e-01
4.435591380177612009e-01
4.401193748957390461e-01
4.383742080894261761e-01
4.356545391380521881e-01
4.334940520542429621e-01
4.307474672493640799e-01
4.285629690469894282e-01
4.254567192342211257e-01
4.230386787753104283e-01
4.206576236610175545e-01
4.184559593516488651e-01
4.164482382521825787e-01
4.148171885460110730e-01
4.122014412039853859e-01
4.105025582462824563e-01
4.087431418133810057e-01
4.058574038267143691e-01
4.043671707818926597e-01
4.025445756035264111e-01
4.006427000109634151e-01
3.974642963967995324e-01
3.957275080658381738e-01
3.934581824947509521e-01
3.916277986057156713e-01
3.887521605518831080e-01
3.868797799044091934e-01
3.850251719890112612e-01
3.830188653470452675e-01
3.821977549320891843e-01
3.808612063772801037e-01
3.789922640174595569e-01
3.770889402449858485e-01
3.747111585626172747e-01
3.732124041154240013e-01
3.701975060141438068e-01
3.692956797892255616e-01
3.680982795372961802e-01
3.651250783967853186e-01
3.622825938520316535e-01
3.605910875071356991e-01
3.593725239840158125e-01
3.584372725396963721e-01
3.569828651892474891e-01
3.558036195662840906e-01
3.536461454164341323e-01
3.522928556976386849e-01
3.491220925299473032e-01
3.464554776467785868e-01
3.455521194747330771e-01
3.429297459266992254e-01
3.411853685485787824e-01
3.388828507617596131e-01
3.376450990806104113e-01
3.367329503232542876e-01
3.347163715733216249e-01
3.333911179314404394e-01
3.317454608215315015e-01
3.304023038449040439e-01
3.297415956695824990e-01
3.281601150017427471e-01
3.255827401317158976e-01
3.237473384600048076e-01
3.212214754684205031e-01
3.194000913224669946e-01
3.165822273940701037e-01
3.152021491275917020e-01
3.126765913412459796e-01
3.120800520389117039e-01
3.118360338396335418e-01
3.113468254008195379e-01
3.094589514423162768e-01
3.069218731099095376e-01
3.062499499940523617e-01
3.033443008483693859e-01
3.011942352635121889e-01
2.997188553294124480e-01
2.989756973230532355e-01
2.983792523491823334e-01
2.979576800686533078e-01
2.966310419731579828e-01
2.948874777092034827e-01
2.935465712067342747e-01
2.914207329894706877e-01
2.908479079751319918e-01
2.881470868396799889e-01
2.875137107476662401e-01
2.863412965821565126e-01
2.845972683014763582e-01
2.840270230951100761e-01
2.832353552636903693e-01
2.815406456661061485e-01
2.798040450652573563e-01
2.785728892357284270e-01
2.779215330317977850e-01
2.770956554753347123e-01
2.767287978922133851e-01
2.751199349283364737e-01
2.733277590006482627e-01
2.721537869475023630e-01
2.716982065117998779e-01
2.707661791144058139e-01
