6.869999999999999718e-02
7.190000000000000557e-02
8.535000000000000364e-01
8.776000000000000467e-01
8.850000000000000089e-01
8.905999999999999472e-01
8.938000000000000389e-01
8.965999999999999526e-01
8.973999999999999755e-01
8.998000000000000442e-01
9.013999999999999790e-01
9.029000000000000359e-01
9.031000000000000139e-01
9.041000000000000147e-01
9.048000000000000487e-01
9.052000000000000046e-01
9.051000000000000156e-01
9.053999999999999826e-01
9.055999999999999606e-01
9.058000000000000496e-01
9.062999999999999945e-01
9.068000000000000504e-01
9.073999999999999844e-01
9.079000000000000403e-01
9.084999999999999742e-01
9.085999999999999632e-01
9.086999999999999522e-01
9.088000000000000522e-01
9.094999999999999751e-01
9.094999999999999751e-01
9.094999999999999751e-01
9.098000000000000531e-01
9.096999999999999531e-01
9.098000000000000531e-01
9.103999999999999870e-01
9.108000000000000540e-01
9.112000000000000099e-01
9.114999999999999769e-01
9.116999999999999549e-01
9.115999999999999659e-01
9.113999999999999879e-01
9.111000000000000210e-01
9.112000000000000099e-01
9.115999999999999659e-01
9.116999999999999549e-01
9.116999999999999549e-01
9.119000000000000439e-01
9.122999999999999998e-01
9.123999999999999888e-01
9.122999999999999998e-01
9.126999999999999558e-01
9.126999999999999558e-01
9.129000000000000448e-01
9.130000000000000338e-01
9.129000000000000448e-01
9.127999999999999448e-01
9.127999999999999448e-01
9.129000000000000448e-01
9.130000000000000338e-01
9.134999999999999787e-01
9.136999999999999567e-01
9.136999999999999567e-01
9.137999999999999456e-01
9.137999999999999456e-01
9.139000000000000457e-01
9.141000000000000236e-01
9.142000000000000126e-01
9.143999999999999906e-01
9.141000000000000236e-01
9.143000000000000016e-01
9.143000000000000016e-01
9.143999999999999906e-01
9.143999999999999906e-01
9.143999999999999906e-01
9.143999999999999906e-01
9.143999999999999906e-01
9.146999999999999575e-01
9.149000000000000465e-01
9.149000000000000465e-01
9.150000000000000355e-01
9.145999999999999686e-01
9.145999999999999686e-01
9.145999999999999686e-01
9.144999999999999796e-01
9.143999999999999906e-01
9.146999999999999575e-01
9.145999999999999686e-01
9.144999999999999796e-01
9.144999999999999796e-01
9.143999999999999906e-01
9.143999999999999906e-01
9.144999999999999796e-01
9.143999999999999906e-01
9.142000000000000126e-01
9.143000000000000016e-01
9.140000000000000346e-01
9.140000000000000346e-01
9.139000000000000457e-01
9.139000000000000457e-01
9.139000000000000457e-01
9.136999999999999567e-01
9.136999999999999567e-01
9.136999999999999567e-01
9.137999999999999456e-01
9.139000000000000457e-01
9.136999999999999567e-01
9.136999999999999567e-01
9.136999999999999567e-01
9.139000000000000457e-01
9.140000000000000346e-01
9.141000000000000236e-01
9.142000000000000126e-01
9.143999999999999906e-01
9.144999999999999796e-01
9.144999999999999796e-01
9.143999999999999906e-01
9.143999999999999906e-01
9.143999999999999906e-01
9.143999999999999906e-01
9.143999999999999906e-01
9.143000000000000016e-01
9.145999999999999686e-01
9.145999999999999686e-01
9.147999999999999465e-01
9.147999999999999465e-01
9.147999999999999465e-01
9.146999999999999575e-01
9.149000000000000465e-01
9.149000000000000465e-01
9.147999999999999465e-01
9.150000000000000355e-01
9.146999999999999575e-01
9.146999999999999575e-01
9.147999999999999465e-01
9.147999999999999465e-01
9.146999999999999575e-01
9.147999999999999465e-01
9.149000000000000465e-01
9.150000000000000355e-01
9.150000000000000355e-01
9.152000000000000135e-01
9.153000000000000025e-01
9.153000000000000025e-01
9.153000000000000025e-01
9.154999999999999805e-01
9.154999999999999805e-01
9.154999999999999805e-01
9.154999999999999805e-01
9.154999999999999805e-01
9.154999999999999805e-01
9.154999999999999805e-01
