6.280286762540785048e+02
2.882199293877094419e+02
4.141437910158272673e-01
4.389883236251262977e-01
2.454829143813368197e-01
2.407694423789081273e-01
2.283503737655699639e-01
2.624793210251959441e-01
3.161287848469649941e-01
2.941495222564448619e-01
2.167769352872058741e-01
1.924977427311993505e-01
1.681905597095860183e-01
1.634338090990705428e-01
1.238775244901365868e-01
1.336194289277907177e-01
9.344027791350818790e-02
9.890991451699332471e-02
7.737606249233933142e-02
8.419415469127652929e-02
7.455212288320237080e-02
7.924265024384886946e-02
7.590155873673386233e-02
9.908699377584941070e-02
1.088509948098912439e-01
8.616058608918057693e-02
7.101477003569520163e-02
5.310647628380449348e-02
5.486592004545535334e-02
7.905740735228866667e-02
7.560501441970260417e-02
8.305232240970691904e-02
1.048418095596844457e-01
5.374777729625435790e-02
4.045934702008292111e-02
4.813957146433876788e-02
4.523852021396995021e-02
7.431908094456637914e-02
9.498348314043986163e-02
1.120092345388879612e-01
6.785429885169141917e-02
9.688203468092204673e-02
7.883727828215170153e-02
1.360650018754082091e-01
9.302694997352756179e-02
1.129543548211829895e-01
8.714033851698782529e-02
1.074860722791446538e-01
7.093110569789290443e-02
8.134871549716717054e-02
5.968862701642277391e-02
5.175831220924109743e-02
4.877646994778681022e-02
3.805006745589718797e-02
3.493381113448062320e-02
3.853390127530511439e-02
3.074979678078787818e-02
2.363672193069618621e-02
2.015094176469395953e-02
1.838137003159051597e-02
1.961196707081738072e-02
2.016373741174495859e-02
1.687156192430473017e-02
1.573945736974906653e-02
1.005611473063545286e-02
9.188082020669126326e-03
6.661089877750119362e-03
6.994740234157957072e-03
6.569251031545387740e-03
8.983333701237453117e-03
1.046211697435767661e-02
1.041987531481879808e-02
9.060915005938995070e-03
9.009918273041921111e-03
6.238172863391976131e-03
6.594004332734016219e-03
5.446933840643405737e-03
5.317218558527621146e-03
3.881598242442982349e-03
3.503548077080382434e-03
2.853052402078951749e-03
2.905944669852269721e-03
2.438289559281257759e-03
2.548005204977245135e-03
2.099066451461457754e-03
2.130804217447442462e-03
2.167368202768810235e-03
1.756768128147391701e-03
2.033993833984776636e-03
2.355974872712661081e-03
2.791177675548032165e-03
3.375104845483578413e-03
1.968230749760580076e-03
2.158759715215987675e-03
1.812079165968048843e-03
1.945836473106882713e-03
2.034493800185538121e-03
2.055720049581892441e-03
2.082707512006272497e-03
2.401344685188606075e-03
2.109128600682898865e-03
2.199770214408528889e-03
2.047288810776195719e-03
1.849025250959961163e-03
1.848832420921841342e-03
2.328532010292366696e-03
1.805284394421906909e-03
1.838394364067513689e-03
2.050593728228091838e-03
1.953017842154761976e-03
2.063045586674648862e-03
2.000250010601023389e-03
2.156241324431375141e-03
1.846268464959403529e-03
2.047775177431966197e-03
1.526344725430255804e-03
2.121620062164728069e-03
1.619670000434696470e-03
1.912178961195013177e-03
1.923371958648048639e-03
1.928903086366841888e-03
1.819793843329684186e-03
2.045463104949432794e-03
1.779314934648126628e-03
1.699858761533990003e-03
2.204452487294025851e-03
1.884578270882003928e-03
1.841822880087694032e-03
2.017037961281067937e-03
1.840472766497507724e-03
1.607921771058000221e-03
1.609342543073754954e-03
1.626097840982790527e-03
2.076161707514862214e-03
1.540288113461013271e-03
1.619773141898181272e-03
1.914129162873214572e-03
1.799242116223729367e-03
1.959855177553113635e-03
1.819589602301024305e-03
1.463062303047906647e-03
1.740392683534778802e-03
2.118548437430219696e-03
1.842699122963296606e-03
1.707280874085422354e-03
2.772085255354439070e-03
2.109791049870681987e-03
1.803593325245190409e-03
1.939076263349905982e-03
1.663004947516790550e-03
1.933950890352253114e-03
