1.342525548126186777e+03
1.106505000575868962e+03
1.050717031836053593e+03
1.021218835955596319e+03
1.004666066734109336e+03
9.961346743339539671e+02
9.931873540834100140e+02
9.943947123323714550e+02
9.988369096604870947e+02
1.005883063853099543e+03
1.015069415885513308e+03
1.026051014213519466e+03
1.038561521031313532e+03
1.052386473920393200e+03
1.067353260704945114e+03
1.083315407553295927e+03
1.100147487044152967e+03
1.117743651840655275e+03
1.136011110280777984e+03
1.154863889383942478e+03
1.174227853575951940e+03
1.194034159015569230e+03
1.214220408479004163e+03
1.234730156178653942e+03
1.255510911323526898e+03
1.276516161083868838e+03
1.297704050259906808e+03
1.319038542503154076e+03
1.340486684372791387e+03
1.362020545328322896e+03
1.383615917535916424e+03
1.405253392542203073e+03
1.426917066352303664e+03
1.448595125995962917e+03
1.470277597449513223e+03
1.491957366759319939e+03
1.513628789977963834e+03
1.535288136319773457e+03
1.556932421757622251e+03
1.578559769467108936e+03
1.600168584308057689e+03
1.621758139072941958e+03
1.643328007734776747e+03
1.664877839909363956e+03
1.686407756408322939e+03
1.707917849352679013e+03
1.729408374768413978e+03
1.750879610233175072e+03
1.772331734781483192e+03
1.793765150605020153e+03
1.815180236426221654e+03
1.836577299933236645e+03
1.857956766714892638e+03
1.879319064401601963e+03
1.900664527244072815e+03
1.921993521929725375e+03
1.943306385134193306e+03
1.964603470627033403e+03
1.985885116590371808e+03
2.007151640625099844e+03
2.028403375915401966e+03
2.049640650185763207e+03
2.070863757853943753e+03
2.092073009061175981e+03
2.113268661306131435e+03
2.134451048326136515e+03
2.155620386032793249e+03
2.176776989511585271e+03
2.197921104057996217e+03
2.219052977046031629e+03
2.240172838197752299e+03
2.261280950544553889e+03
2.282377491895085768e+03
2.303462711369979843e+03
2.324536814477175994e+03
2.345600021895076679e+03
2.366652506998154877e+03
2.387694460438669921e+03
2.408726075694675274e+03
2.429747534105583327e+03
2.450759016186664212e+03
2.471760679143123525e+03
2.492752708592257477e+03
2.513735250588922099e+03
2.534708450539149453e+03
2.555672497867783932e+03
2.576627509334438855e+03
2.597573654272243402e+03
2.618511060661740430e+03
2.639439854713737986e+03
2.660360186011107544e+03
2.681272179835061706e+03
2.702175957697273589e+03
2.723071660973667804e+03
2.743959396583941725e+03
2.764839273614993544e+03
2.785711420222897232e+03
2.806575937062623780e+03
2.827432937915797083e+03
2.848282543290045396e+03
2.869124833511585621e+03
2.889959915329996875e+03
2.910787902559414306e+03
2.931608876178630908e+03
2.952422928450730069e+03
2.973230154488845983e+03
2.994030660370572605e+03
3.014824506657736038e+03
3.035611797477633900e+03
3.056392616489227294e+03
3.077167046809927797e+03
3.097935169242205575e+03
3.118697055184761666e+03
3.139452778751166534e+03
3.160202430027886749e+03
3.180946060530097384e+03
3.201683760381385582e+03
3.222415603081066820e+03
3.243141654067761465e+03
3.263861976930983928e+03
3.284576640008624054e+03
3.305285716133404094e+03
3.325989259699643299e+03
3.346687334872069187e+03
3.367380006385322304e+03
3.388067336585895191e+03
3.408749380121145805e+03
3.429426196651705595e+03
3.450097844464894933e+03
3.470764379345404450e+03
3.491425862640116065e+03
3.512082337830578581e+03
3.532733867317920613e+03
3.553380499433653313e+03
3.574022276126337147e+03
3.594659261693401731e+03
3.615291493576718494e+03
3.635919025573873114e+03
3.656541919843372852e+03
3.677160210152313994e+03
3.697773942119234562e+03
3.718383161553437276e+03
3.738987910779281719e+03
3.759588237183751971e+03
3.780184177989574437e+03
3.800775779653735754e+03
3.821363089045127708e+03
3.841946142769048947e+03
3.862524978140713756e+03
3.883099633731970243e+03
