7.105790293550484193e+02
6.922683928498177011e+02
6.867060348089743229e+02
6.820525461226659445e+02
6.781589387862346712e+02
6.745752894386288290e+02
6.715160020305531816e+02
6.686718756330803899e+02
6.662231070981216590e+02
6.639277301737466814e+02
6.619413897982589106e+02
6.600697927953184490e+02
6.584488374968307198e+02
6.569349088166886759e+02
6.556165602935245715e+02
6.544167012052704422e+02
6.533493674813820462e+02
6.524181259067063365e+02
6.515639179844522459e+02
6.508498911065521497e+02
6.501840098996303823e+02
6.496461123197536836e+02
6.491472567629149353e+02
6.487615431018425625e+02
6.484125125063715132e+02
6.481623610357086136e+02
6.479479325931278026e+02
6.478173613438601706e+02
6.477208500230725576e+02
6.476933874981489225e+02
6.476972965109777078e+02
6.477576182483348930e+02
6.478452103534968956e+02
6.479776646443942809e+02
6.481324666984846772e+02
6.483188254237393267e+02
6.485247832754087085e+02
6.487481627621383495e+02
6.489913731875142275e+02
6.492416870495569583e+02
6.495134027920349808e+02
6.497887567565061318e+02
6.500853068525786966e+02
6.503874407673347378e+02
6.507064132826412788e+02
6.510348923355060151e+02
6.513723681083117754e+02
6.517226072375821104e+02
6.520726834528145446e+02
6.524369041224197190e+02
6.527931724028642293e+02
6.531632318850056436e+02
6.535201170482466750e+02
6.538890016383054444e+02
6.542419189345673658e+02
6.546039351237945993e+02
6.549486459559527702e+02
6.552990385197538217e+02
6.556312148550820211e+02
6.559655909033499483e+02
6.562813603611922417e+02
6.565959628568770086e+02
6.568926628517706376e+02
6.571851308111016579e+02
6.574614165282505382e+02
6.577309439248987246e+02
6.579865803848464338e+02
6.582336399541740093e+02
6.584691987007058742e+02
6.586950883753788730e+02
6.589116759026737782e+02
6.591181291798784514e+02
6.593171455885105843e+02
6.595060387958446881e+02
6.596889849444861511e+02
6.598621336468842173e+02
6.600304808354447914e+02
6.601895704102259970e+02
6.603446891840596891e+02
6.604912111509325996e+02
6.606343333164421665e+02
6.607695795137561845e+02
6.609017772545951175e+02
6.610268216889268160e+02
6.611489939353823502e+02
6.612647164857148709e+02
6.613776049133505239e+02
6.614846966601689928e+02
6.615888714360188487e+02
6.616878419631116230e+02
6.617837211306223253e+02
6.618749358152764444e+02
6.619628006451588362e+02
6.620464756047747414e+02
6.621264534232259393e+02
6.622026571863358413e+02
6.622747411338536949e+02
6.623434119016070554e+02
6.624074493309992704e+02
6.624684029376370518e+02
6.625241180548794091e+02
6.625770492564209917e+02
6.626240419761442126e+02
6.626685409703324012e+02
6.627063226584573385e+02
6.627419161776543888e+02
6.627699589843167587e+02
6.627961651951000022e+02
6.628139777178032546e+02
6.628304025961584784e+02
6.628376458544087200e+02
6.628441210970851216e+02
6.628407390929543226e+02
6.628374383339320275e+02
6.628237769462546112e+02
6.628112850101337017e+02
6.627881289013752166e+02
6.627674061153675211e+02
6.627358940646590781e+02
6.627081297858766220e+02
6.626695855729511777e+02
6.626360061414671918e+02
6.625917373404107593e+02
6.625534551190482944e+02
6.625046040027513072e+02
6.624625409966891993e+02
6.624100178037880369e+02
6.623648781672235373e+02
6.623093529186354544e+02
6.622616461758130981e+02
6.622035855243395872e+02
6.621536452077269814e+02
6.620933402782345638e+02
6.620413702122568793e+02
6.619789883184239443e+02
6.619250954891357424e+02
6.618607160312516271e+02
6.618049350706444329e+02
6.617385774624262922e+02
6.616808941090409917e+02
6.616125401806876880e+02
6.615529132372192862e+02
6.614825269581679095e+02
6.614209057119841191e+02
6.613484545085328818e+02
6.612847939193277398e+02
6.612102651206388373e+02
6.611445374707092242e+02
6.610679442223763544e+02
6.610001473847710258e+02
