2.123670771280885106e+00
1.730617946290902154e+00
4.603784333294911879e-01
2.637007798490962895e-01
2.508913260077141882e-01
2.479257665772875430e-01
2.321973237012475155e-01
2.222000166317046332e-01
2.212628828534666248e-01
2.111012516745973122e-01
2.017972121917044337e-01
1.982125583191326479e-01
1.946409243695215174e-01
1.891289391818501975e-01
1.881331976417685015e-01
1.882334605520041282e-01
1.868299525791382032e-01
1.850026433447031216e-01
1.845147825680439890e-01
1.780449147484654548e-01
1.782067946836377037e-01
1.753237932576368618e-01
1.726826597187708368e-01
1.727059290568808136e-01
1.728158993482917793e-01
1.698547160217623309e-01
1.697724746600807744e-01
1.699642688808137847e-01
1.702038250652161966e-01
1.696057001168811418e-01
1.695952365582721333e-01
1.694094032621517587e-01
1.686621356319489284e-01
1.685326994930037015e-01
1.682976443986453630e-01
1.664314339659843656e-01
1.639452130633084481e-01
1.623512221577592118e-01
1.623863153627105316e-01
1.621359050966114101e-01
1.611972929300923285e-01
1.611993441822333062e-01
1.608184763028570607e-01
1.606630772278936359e-01
1.606095225777163793e-01
1.605033999097207897e-01
1.598131648744802735e-01
1.597694826587111039e-01
1.596215338282427343e-01
1.592923767539689006e-01
1.589440001189485474e-01
1.588846457099152842e-01
1.589354731646962504e-01
1.588736160583055224e-01
1.588501639073916505e-01
1.587900507229424441e-01
1.588914617426064879e-01
1.589077760787338534e-01
1.585363310073263365e-01
1.585466363036481807e-01
1.585045590927378067e-01
1.584795954012797048e-01
1.582714449102219922e-01
1.582499402508857345e-01
1.580571966704180098e-01
1.580513180071665968e-01
1.577908239689809755e-01
1.575752845120795276e-01
1.575618571706113302e-01
1.575659217977849469e-01
1.576055118532891375e-01
1.575231798605120637e-01
1.575031465491496530e-01
1.575961810880726621e-01
1.575840237731733762e-01
1.575029693572660983e-01
1.574961972574311364e-01
1.577194908820320207e-01
1.575513640689209516e-01
1.576469445112824164e-01
1.576806916278315485e-01
1.576999872506129052e-01
1.575691785123688460e-01
1.576022700218094319e-01
1.576045514586242313e-01
1.576675817790045842e-01
1.578789529909951361e-01
1.577609088061139309e-01
1.577445568778579887e-01
1.578434225257035473e-01
1.578941758061193634e-01
1.577695747117953684e-01
1.578342873891898090e-01
1.578346489941864772e-01
1.580312067031821033e-01
1.580000080975560994e-01
1.580962249459475499e-01
1.581937053848699315e-01
1.582648538766276980e-01
1.582576180486914841e-01
1.582879203420573533e-01
1.583446635259694313e-01
1.583791038631955916e-01
1.583822647764377423e-01
1.583904608052063567e-01
1.583933258852542880e-01
1.585270477535253297e-01
1.586140067350652605e-01
1.586453292319875419e-01
1.588293202004336102e-01
1.589309382397736115e-01
1.590164616820154975e-01
1.591895755683758740e-01
1.592300608420017527e-01
1.593247779760463834e-01
1.593414689089342473e-01
1.594899821227567793e-01
1.596475061735496692e-01
1.596665528197241390e-01
1.599380167643639772e-01
1.601743028645255529e-01
1.602625274051130977e-01
1.605069509060608746e-01
1.605400716600011712e-01
1.605574011319251260e-01
1.605801882172174233e-01
1.607461806311946684e-01
1.607882421020199737e-01
1.610084964925680429e-01
1.611311458370977556e-01
1.611574219096830185e-01
1.612467255022048129e-01
1.613535066805730778e-01
1.614929663901221168e-01
1.615820775687086264e-01
1.618122501522770151e-01
1.618174738359884901e-01
1.618443333654441818e-01
1.623139227826216335e-01
1.623576675154314031e-01
1.624549917388666831e-01
1.624575362927071498e-01
1.625037341852198503e-01
1.625306379739423490e-01
1.626686436978247996e-01
1.626818624692936699e-01
1.627922093741362985e-01
1.629789236240325456e-01
1.629935401055640498e-01
1.630553445155825121e-01
1.631574867072479451e-01
