6.280286762540785048e+02
6.250572313966717957e+02
6.074484263470935730e+02
5.970972771741019187e+02
5.886621560287129569e+02
5.811234389000817373e+02
5.740050363664817041e+02
5.671751114767901072e+02
5.605423078018475280e+02
5.540166063199138762e+02
5.475554504680252421e+02
5.412326867980870020e+02
5.350037578861993097e+02
5.287913724416715695e+02
5.227003328467945948e+02
5.166541594361266334e+02
5.106840011537443047e+02
5.047874091402439944e+02
4.989776086613874213e+02
4.932064981087701199e+02
4.874848983617480371e+02
4.817869015294935480e+02
4.762007140133971461e+02
4.706756378972040125e+02
4.651891153002169972e+02
4.597097555761138210e+02
4.542764592637022929e+02
4.489050086646473687e+02
4.436543855039383288e+02
4.383778161530790385e+02
4.331868259779292316e+02
4.280792789081050387e+02
4.230168236057959916e+02
4.179958310045257690e+02
4.130746600415804437e+02
4.081464698272241094e+02
4.032947563773418551e+02
3.985050752913465999e+02
3.937570553167867047e+02
3.890782603486791800e+02
3.844180806435519457e+02
3.798382938429103319e+02
3.752512258606433306e+02
3.707035960434247954e+02
3.662312763264921500e+02
3.618112867041979825e+02
3.573739701529636932e+02
3.530598346937864562e+02
3.487247291644318352e+02
3.445033091950353423e+02
3.403013991423987932e+02
3.361482254321089727e+02
3.320181458424760308e+02
3.279288868962391916e+02
3.238769136279246936e+02
3.199055486700482902e+02
3.159555876622546293e+02
3.120630837409247533e+02
3.081639540724921744e+02
3.043499177351811795e+02
3.005508429471060481e+02
2.968429633467024473e+02
2.931296714901825453e+02
2.894295541090913275e+02
2.858109417671187202e+02
2.822200311788145655e+02
2.786718010071901404e+02
2.751173165848234703e+02
2.716592676582645822e+02
2.682476573693249406e+02
2.648458480468354423e+02
2.615059410291646600e+02
2.581260076925210569e+02
2.548332620340438268e+02
2.515794795646153830e+02
2.483437915260701345e+02
2.451735677594267599e+02
2.420191713544057279e+02
2.389115884042211917e+02
2.358257355816283223e+02
2.327593603587373536e+02
2.297576719277364816e+02
2.267416541538630668e+02
2.237954947516162747e+02
2.208982858876468640e+02
2.180168220041165341e+02
2.151953669295972986e+02
2.124014073677720944e+02
2.096238534534156486e+02
2.068753476474649915e+02
2.041795697934785210e+02
2.014844340052566736e+02
1.988143034968374820e+02
1.962214210549182098e+02
1.936514557130787466e+02
1.911051579406412202e+02
1.885936954504548737e+02
1.860721060997802567e+02
1.836250429734926684e+02
1.811629436265233153e+02
1.787820268706049660e+02
1.763790214981491147e+02
1.740445012183372739e+02
1.717312519234735362e+02
1.694195349399288091e+02
1.672458644505996119e+02
1.650592467146218780e+02
1.628881500307971351e+02
1.607261527878300740e+02
1.585677514349225419e+02
1.564360146530474083e+02
1.543379606706577079e+02
1.522767686366890985e+02
1.502391957166818770e+02
1.482222110239647179e+02
1.462149478580687685e+02
1.442403889064695477e+02
1.423108702344700873e+02
1.403944713224813370e+02
1.385337007498164326e+02
1.366516417337433609e+02
1.348145208948997720e+02
1.330590766044798556e+02
1.313052876813085561e+02
1.295751860325109703e+02
1.278474066764474202e+02
1.261485077908638743e+02
1.244409831591396625e+02
1.227873343382520801e+02
1.211414424000053742e+02
1.195438228222270709e+02
1.180699740779630389e+02
1.164701737548328424e+02
1.149402198061964384e+02
1.135281209636631132e+02
1.121527984896994781e+02
1.107519330560615742e+02
1.092851919209488187e+02
1.078992122257414366e+02
1.065528220230503820e+02
1.052085797779568423e+02
1.038744706651362293e+02
1.025173151320656757e+02
1.013126515540789114e+02
1.001922422014924479e+02
9.882611882154539273e+01
9.768555871620289111e+01
9.652424113506600634e+01
9.530422624759928851e+01
9.409221482333266806e+01
9.295229399776118839e+01
