4.125768897119654000e+00
3.095290732076205753e+00
1.680605984464530689e+00
1.578577668993708993e+00
1.306638812726986121e+00
3.553805193665487971e-01
3.427911767764385553e-01
3.599383632365452668e-01
2.793772346873675816e-01
2.251917096304853205e-01
1.737982115027147112e-01
1.365425795575034851e-01
1.349100120746162812e-01
1.258253794174312434e-01
1.436796362820008388e-01
1.234540085195326709e-01
1.072292091573419509e-01
9.752892857261633019e-02
9.804970365015334977e-02
8.497705394490906450e-02
6.613379541916848681e-02
6.109226048947689197e-02
5.640427419772242601e-02
4.455507054304659598e-02
5.255415723126208999e-02
4.899825263082906168e-02
3.565578543796714406e-02
4.035823740031281581e-02
3.221209155438988642e-02
3.042789375062655496e-02
2.555624144034372019e-02
3.280445331312202562e-02
2.800099704983343221e-02
2.237289567392144324e-02
2.048775104834823363e-02
1.861047495976344418e-02
1.255693061093041650e-02
7.986115256369474488e-03
1.272803818062464599e-02
8.585357818173645211e-03
5.094133040779258263e-03
5.702766627706079561e-03
4.902923167165918264e-03
2.059256676823828514e-03
6.126368678537552842e-04
-2.138408473962494314e-03
-2.768193840886734765e-03
-5.226730234084398311e-03
-5.408323388911995093e-03
-8.323464186895401101e-03
-6.111525286924379685e-03
