1.293999999999999873e-01
4.354999999999999982e-01
8.284000000000000252e-01
8.474000000000000421e-01
8.477999999999999980e-01
8.847000000000000419e-01
8.888000000000000345e-01
8.900000000000000133e-01
8.912999999999999812e-01
8.933999999999999719e-01
9.004999999999999671e-01
9.048000000000000487e-01
9.040000000000000258e-01
9.051000000000000156e-01
9.052000000000000046e-01
9.063999999999999835e-01
9.056999999999999496e-01
9.053999999999999826e-01
9.056999999999999496e-01
9.063999999999999835e-01
9.083999999999999853e-01
9.095999999999999641e-01
9.109000000000000430e-01
9.102999999999999980e-01
9.098000000000000531e-01
9.100000000000000311e-01
9.106999999999999540e-01
9.110000000000000320e-01
9.120000000000000329e-01
9.114999999999999769e-01
9.115999999999999659e-01
9.120000000000000329e-01
9.124999999999999778e-01
9.126999999999999558e-01
9.124999999999999778e-01
9.140000000000000346e-01
9.150000000000000355e-01
9.139000000000000457e-01
9.149000000000000465e-01
9.155999999999999694e-01
9.153000000000000025e-01
9.149000000000000465e-01
9.159000000000000474e-01
9.166999999999999593e-01
9.159000000000000474e-01
9.166999999999999593e-01
9.167999999999999483e-01
9.153000000000000025e-01
9.164999999999999813e-01
9.169000000000000483e-01
9.167999999999999483e-01
