1.150194235091980914e+02
5.922518464007913508e+01
5.758136775401655427e+01
5.756420117727304842e+01
5.756420860606108647e+01
5.756407326688668746e+01
5.756417628338487447e+01
5.756419007564384316e+01
5.756424891439301206e+01
5.756416545169215482e+01
5.756413832204472669e+01
5.756413388473043113e+01
5.756421761100963863e+01
5.756421948093272078e+01
5.756413481286215728e+01
5.756416934778597039e+01
5.756413355194065673e+01
5.756419453508420503e+01
5.756414857560364595e+01
5.756412103386340107e+01
5.756421202495511835e+01
5.756412998674542791e+01
5.756415340943163272e+01
5.756416201933277677e+01
5.756419643841707057e+01
5.756413999308976059e+01
5.756415699518849749e+01
5.756417060123131790e+01
5.756419187225353795e+01
5.756417448277336035e+01
5.756418957829773575e+01
5.756413889115020766e+01
5.756418057553769785e+01
5.756415907428612400e+01
5.756421156778465331e+01
5.756414829304058856e+01
5.756414828931909966e+01
5.756417783395507115e+01
5.756416996424902521e+01
5.756416883444533994e+01
5.756417364436141781e+01
5.756417994381633463e+01
5.756415601291330830e+01
5.756418799913578965e+01
5.756415036065531154e+01
5.756418648607018440e+01
5.756414962474676855e+01
5.756416600178143028e+01
5.756420375025280123e+01
5.756418838681712913e+01
5.756415158857171122e+01
5.756418532347272787e+01
5.756416586647884515e+01
5.756416338703942870e+01
5.756416570445920655e+01
5.756417295778631882e+01
5.756417470882126253e+01
5.756416612152487744e+01
5.756417360747035161e+01
5.756416130712776180e+01
5.756415549929962339e+01
5.756413246737298550e+01
5.756417540888231343e+01
5.756416665697224033e+01
5.756418333868433734e+01
5.756419096577941019e+01
5.756417662331624285e+01
5.756417086256680449e+01
5.756416867124428904e+01
5.756418231594846446e+01
5.756416552717113433e+01
5.756417763125242715e+01
5.756412902567678458e+01
5.756417000954169794e+01
5.756417000910280990e+01
5.756417000978524356e+01
5.756417000884829349e+01
5.756417001257307930e+01
5.756417001086921914e+01
5.756417000992142619e+01
5.756417001214848028e+01
5.756417001062827410e+01
5.756417000997286237e+01
5.756417000981785037e+01
5.756417001015159940e+01
5.756417000923609351e+01
5.756417001044454906e+01
5.756417000982413867e+01
5.756417000923251237e+01
5.756417001117419829e+01
5.756417001059135430e+01
5.756417001067575256e+01
5.756417000915531901e+01
5.756417001151429247e+01
5.756417001059267591e+01
5.756417001036624725e+01
5.756417001064344419e+01
5.756417001000848899e+01
5.756417001120312449e+01
5.756417001059819682e+01
5.756417000963427455e+01
5.756417001069637962e+01
5.756417001049487681e+01
5.756417001094388297e+01
5.756417001112349396e+01
5.756417001007376655e+01
5.756417000936572492e+01
5.756417001075114115e+01
5.756417001038620640e+01
5.756417001046588666e+01
5.756417001044213322e+01
5.756417001057936744e+01
5.756417000974042253e+01
5.756417001021247160e+01
5.756417001003359957e+01
5.756417001084734153e+01
5.756417001257931787e+01
5.756417001070366268e+01
5.756417001014852275e+01
5.756417001076299300e+01
5.756417001054541771e+01
5.756417001020345481e+01
5.756417001035350012e+01
5.756417001035359959e+01
5.756417001062484218e+01
5.756417001038947490e+01
5.756417001023912405e+01
5.756417001051973159e+01
5.756417001021077340e+01
5.756417001036113845e+01
5.756417001040603765e+01
5.756417001058218830e+01
5.756417001029213054e+01
5.756417000994132849e+01
5.756417001077436169e+01
5.756417001010642309e+01
5.756417001107062958e+01
5.756417001074293438e+01
5.756417001012833623e+01
5.756417001031098835e+01
5.756417001060112426e+01
5.756417001010331091e+01
5.756417001060525251e+01
5.756417001043985238e+01
5.756417001100891184e+01
5.756417001042650128e+01
5.756417001030472136e+01
5.756417001087145024e+01
5.756417001071739747e+01
5.756417001020554380e+01
5.756417001020989233e+01
