6.336942340101960554e+02
4.732203321812307451e+01
3.141839623428348993e+00
3.985768300594078051e-01
1.705082319354971065e-01
1.580542950408059255e-01
1.616376656051735916e-01
1.662821472007307566e-01
1.740527951464696799e-01
1.704814256206400591e-01
1.757164375363528819e-01
1.693037005350244151e-01
1.732599576027208654e-01
1.708774895742502242e-01
1.730082812231545364e-01
1.786943696717225583e-01
1.779520500281098760e-01
1.850328841078683340e-01
1.768342937271204784e-01
1.858545545400900056e-01
1.719674572368624088e-01
1.827421369443814614e-01
1.739865670606367265e-01
1.805051578922763911e-01
1.703574809946900859e-01
1.759156702106238201e-01
1.678493050490504068e-01
1.701709687771274793e-01
1.612893976866928147e-01
1.610533731260649359e-01
1.538824565542450118e-01
1.521179652253322467e-01
1.466164114070217794e-01
1.460277287556011050e-01
1.433443718440533532e-01
1.372564396016500710e-01
1.371673848279930108e-01
1.303340825329666053e-01
1.348495023595216169e-01
1.270322210208621738e-01
1.353361555931387183e-01
1.277478311710101011e-01
1.381655428616506698e-01
1.289129936496860862e-01
1.393053937758581273e-01
1.271243012853531806e-01
1.378594797459793131e-01
1.274796884987064449e-01
1.368996764478239425e-01
1.234710812088499893e-01
1.304329376583653055e-01
1.175976807812495056e-01
1.239946165114763771e-01
1.100679346916623308e-01
1.167509601953868881e-01
1.039599619314362233e-01
1.090908985561424988e-01
9.745984425431307441e-02
1.015345274001849679e-01
8.876912346879764493e-02
9.107033155701847738e-02
7.892470953693239699e-02
8.024552846218926949e-02
7.089827397460816971e-02
7.284550415697253756e-02
6.326102185928390853e-02
6.361314578765960015e-02
5.449824503821338456e-02
5.393498321661240741e-02
4.649403656291717368e-02
4.593034173706370821e-02
3.970105673287807613e-02
3.872556356375671249e-02
3.321182780194886081e-02
3.214627005536121324e-02
2.722577445465184862e-02
2.561563381994677591e-02
2.144830758912463428e-02
2.028740397854203806e-02
1.701130294268985918e-02
1.582237377298286590e-02
1.326907835829878660e-02
1.215231046877972461e-02
1.003247704748896560e-02
9.097869024507767091e-03
7.546387733891619237e-03
6.823748765748006810e-03
5.560840277960987614e-03
5.008683958471400223e-03
4.045568677004429334e-03
3.643134557179255988e-03
2.963953218115004430e-03
2.712214188429542486e-03
2.234438023772081575e-03
2.068650298251809103e-03
1.759138608033314387e-03
1.667705237422782618e-03
1.465644990157467841e-03
1.428277458221683185e-03
1.310204829125033747e-03
1.290609774024449423e-03
1.221700879579807469e-03
1.223184133048426216e-03
1.181010606518215125e-03
1.181821116796027927e-03
1.155783208279609125e-03
1.159626432499676020e-03
1.144834379720423897e-03
1.150197088306362378e-03
1.138945727633938710e-03
1.138076939756537797e-03
1.132641584438197910e-03
1.130114410506489466e-03
1.125429087594491395e-03
1.128755045225258383e-03
1.123298850719937425e-03
1.122348151991520940e-03
1.119351749892402714e-03
1.117368954250271993e-03
1.115343874841571775e-03
1.116107061945235479e-03
1.114388224472683724e-03
1.112917021175270898e-03
1.107551794962602495e-03
1.108869240817289678e-03
1.102980264946130506e-03
1.105585656030738922e-03
1.103096151073907748e-03
1.102722023617180901e-03
1.100159321620791490e-03
1.098813653428294245e-03
1.093687199171976959e-03
1.093971511265707077e-03
1.095517759502039230e-03
1.090378861535118123e-03
1.090110385098150454e-03
1.089171942758714734e-03
1.086676435516137221e-03
1.085932064961981063e-03
1.084779826569076113e-03
1.083842215693312395e-03
1.079269539373811778e-03
1.078512540293151802e-03
1.075266842267485210e-03
1.077432883911277851e-03
1.070529609758437938e-03
1.075557638240663217e-03
1.073175164886533677e-03
1.072598071463845169e-03
1.071897611658516412e-03
1.068211455037169086e-03
