4.328067756907273633e+00
2.457069225265656076e+00
1.902031292239921623e+00
1.644668066934355188e+00
1.465219583175085827e+00
1.345628137833264848e+00
1.271313395820124370e+00
1.207133069731858743e+00
1.147708079323557895e+00
1.106382548554987633e+00
1.067698008653382491e+00
1.026214979812279271e+00
9.937256196293796640e-01
9.626995810067876524e-01
9.270609213272601457e-01
9.141305348499696448e-01
8.823356670519396650e-01
8.696585950331112702e-01
8.561985969909787775e-01
8.213981894292166075e-01
8.052578828717145143e-01
7.546956201092342997e-01
7.364225064645529839e-01
7.093190648042917434e-01
6.966475587040030781e-01
6.910058435681643019e-01
6.793848580104520085e-01
6.763754834216996192e-01
6.709569451228901693e-01
6.660973356504541476e-01
6.560002944124377899e-01
6.370323902696829466e-01
6.193222802006661531e-01
5.925566801760425717e-01
5.793497069829424140e-01
5.658896604607861480e-01
5.560063419367703430e-01
5.455176643291743677e-01
5.347190661075916784e-01
5.237661163608734460e-01
5.131331151561088211e-01
5.026052141729216993e-01
4.923053425461960675e-01
4.824172810863421312e-01
4.723554985298711317e-01
4.631142997113429360e-01
4.533208384066856889e-01
4.448467763540726039e-01
4.355068506236097758e-01
4.278718744799686613e-01
4.190735540568950590e-01
4.121436419342516255e-01
4.038973655210863489e-01
3.973671044847018607e-01
3.896159808254758827e-01
3.831729685950917563e-01
3.758115022968817054e-01
3.694225593157661747e-01
3.624463799983234091e-01
3.561864577726650549e-01
3.496972428189853432e-01
3.435552208081629755e-01
3.374696315029969140e-01
3.314395437414727197e-01
3.256650943860524561e-01
3.198190492152883091e-01
3.142912742310898788e-01
3.086928463694132985e-01
3.034069705800033212e-01
2.981883734032866329e-01
2.932950695447827383e-01
2.886015094759599164e-01
2.841242726108822447e-01
2.799805070731375967e-01
2.759121075833174119e-01
2.722014212765792029e-01
2.685071498270089063e-01
2.651113000029329814e-01
2.617216502578985637e-01
2.585636555324952734e-01
2.554257050861458711e-01
2.524437217186039084e-01
2.495376330539923471e-01
2.466981727460689777e-01
2.440130576663709361e-01
2.413025635701298299e-01
2.388236677734133229e-01
2.362330659802860666e-01
2.339435824799431241e-01
2.314731017623798681e-01
2.293572299217019050e-01
2.270102299350545416e-01
2.250488333018117182e-01
2.228194408426330264e-01
2.209914634043559645e-01
2.188722344880081050e-01
2.171603237021626776e-01
2.151472062290425702e-01
2.135364194504406621e-01
2.116255129492993214e-01
2.101032209469513301e-01
2.082927941802517335e-01
2.068455222874351906e-01
2.051288463222156466e-01
2.037476160551977278e-01
2.021203000494721513e-01
2.007966304041499950e-01
1.992495126876475120e-01
1.979780127143463686e-01
1.965038039358535937e-01
1.952753307091859292e-01
1.938710641136164314e-01
1.926832981697377545e-01
1.913473008090819105e-01
1.901985870253971589e-01
1.889241780692583472e-01
1.878132418657256220e-01
1.865984669485003800e-01
1.855213028179961976e-01
1.843596921174584236e-01
1.833152631610985850e-01
1.822035173888327253e-01
1.811885742292745627e-01
1.801215762495793626e-01
1.791359268640333458e-01
1.781105763024736777e-01
1.771516568401482750e-01
1.761650162797656904e-01
1.752336930229196899e-01
1.742813911430548812e-01
1.733764781297171820e-01
1.724565890604129181e-01
1.715765675889040498e-01
1.706864497438904393e-01
1.698306555045054622e-01
1.689680049133092943e-01
1.681359457477903940e-01
1.672994150152376236e-01
1.664891242457912368e-01
1.656768797084660627e-01
1.648880687190266148e-01
1.640988556205913163e-01
1.633309995143211180e-01
1.625637106138674293e-01
1.618156282635516974e-01
1.610690000413956824e-01
1.603402369170150721e-01
1.596139962291870384e-01
1.589051388240507456e-01
1.581984568401274827e-01
1.575071105557871165e-01
