9.120000000000000329e-02
3.449999999999999734e-01
1.010999999999999954e-01
1.013000000000000012e-01
1.121000000000000052e-01
1.238999999999999962e-01
1.234999999999999987e-01
1.231000000000000011e-01
1.145999999999999935e-01
1.092999999999999944e-01
1.089999999999999997e-01
1.071000000000000008e-01
1.087000000000000050e-01
1.076000000000000012e-01
1.072000000000000036e-01
1.059999999999999970e-01
1.050999999999999990e-01
1.048999999999999932e-01
1.053999999999999937e-01
1.057000000000000023e-01
1.048000000000000043e-01
1.063000000000000056e-01
1.074999999999999983e-01
1.097999999999999948e-01
1.121000000000000052e-01
1.134000000000000008e-01
1.140000000000000041e-01
1.136000000000000065e-01
1.151999999999999968e-01
1.168000000000000010e-01
1.174999999999999933e-01
1.170999999999999958e-01
1.168000000000000010e-01
1.163000000000000006e-01
1.146999999999999964e-01
1.137999999999999984e-01
1.118999999999999995e-01
1.102000000000000063e-01
1.092000000000000054e-01
1.073999999999999955e-01
1.047000000000000014e-01
1.029999999999999943e-01
1.015999999999999959e-01
9.990000000000000269e-02
9.829999999999999849e-02
9.729999999999999760e-02
9.600000000000000200e-02
9.439999999999999780e-02
9.370000000000000551e-02
9.220000000000000417e-02
9.110000000000000042e-02
9.059999999999999998e-02
8.999999999999999667e-02
9.030000000000000526e-02
9.080000000000000571e-02
8.989999999999999380e-02
8.920000000000000151e-02
8.909999999999999865e-02
8.930000000000000437e-02
8.930000000000000437e-02
8.899999999999999578e-02
8.920000000000000151e-02
8.759999999999999731e-02
8.770000000000000018e-02
8.699999999999999400e-02
8.619999999999999885e-02
8.569999999999999840e-02
8.559999999999999554e-02
8.550000000000000655e-02
8.530000000000000082e-02
8.590000000000000413e-02
8.530000000000000082e-02
8.490000000000000324e-02
8.419999999999999707e-02
8.450000000000000566e-02
8.459999999999999465e-02
8.369999999999999662e-02
8.279999999999999860e-02
8.290000000000000147e-02
8.219999999999999529e-02
8.179999999999999771e-02
8.069999999999999396e-02
7.989999999999999880e-02
8.010000000000000453e-02
7.900000000000000078e-02
7.879999999999999505e-02
7.820000000000000562e-02
7.760000000000000231e-02
7.639999999999999569e-02
7.589999999999999525e-02
7.539999999999999480e-02
7.489999999999999436e-02
7.439999999999999392e-02
7.399999999999999634e-02
7.420000000000000207e-02
7.340000000000000691e-02
7.230000000000000315e-02
7.220000000000000029e-02
7.140000000000000513e-02
7.130000000000000226e-02
7.019999999999999851e-02
6.959999999999999520e-02
6.980000000000000093e-02
6.919999999999999762e-02
6.940000000000000335e-02
6.919999999999999762e-02
6.829999999999999960e-02
6.800000000000000488e-02
6.759999999999999343e-02
6.779999999999999916e-02
6.719999999999999585e-02
6.729999999999999871e-02
6.729999999999999871e-02
6.700000000000000400e-02
6.740000000000000158e-02
6.690000000000000113e-02
6.679999999999999827e-02
6.710000000000000686e-02
6.679999999999999827e-02
6.660000000000000642e-02
6.579999999999999738e-02
6.619999999999999496e-02
6.700000000000000400e-02
6.700000000000000400e-02
6.769999999999999629e-02
6.800000000000000488e-02
6.840000000000000246e-02
6.859999999999999432e-02
6.880000000000000004e-02
6.909999999999999476e-02
6.959999999999999520e-02
7.000000000000000666e-02
7.000000000000000666e-02
7.090000000000000469e-02
7.099999999999999367e-02
7.109999999999999654e-02
7.080000000000000182e-02
7.080000000000000182e-02
7.099999999999999367e-02
7.080000000000000182e-02
7.140000000000000513e-02
7.180000000000000271e-02
7.280000000000000360e-02
7.270000000000000073e-02
7.270000000000000073e-02
7.340000000000000691e-02
7.359999999999999876e-02
7.430000000000000493e-02
7.449999999999999678e-02
7.380000000000000449e-02
7.420000000000000207e-02
