1.364898334077507343e+03
1.308443065552953840e+03
1.284844194181545390e+03
1.268692460633615610e+03
1.255719067721482361e+03
1.244556031176403394e+03
1.234276776543104916e+03
1.224655853289393235e+03
1.215760128258691793e+03
1.207188996027632584e+03
1.199013442072611042e+03
1.191057151972290740e+03
1.183262131703221030e+03
1.175569052491930279e+03
1.168189700483944080e+03
1.160946658088215827e+03
1.153858411420399534e+03
1.147016740195934744e+03
1.140112543425527065e+03
1.133400114235844512e+03
1.126678989335574215e+03
1.120222043106183946e+03
1.113880944532495732e+03
1.107525367721210614e+03
1.101210458472045048e+03
1.094910823792548399e+03
1.088715105726240381e+03
1.082694936384197490e+03
1.076639479813529533e+03
1.070721054545455445e+03
1.064865666608833408e+03
1.059221920710060886e+03
1.053522440884410798e+03
1.047930173422237203e+03
1.042290995263902232e+03
1.036746780068508997e+03
1.031349688971026126e+03
1.026000135588098146e+03
1.020725273239174157e+03
1.015560821976969578e+03
1.010510655184818575e+03
1.005288920447239661e+03
1.000207861987315141e+03
9.952768095962175039e+02
9.903751400214634941e+02
9.853022650797888673e+02
9.805056386489812894e+02
9.755916629918207263e+02
9.709240619196374382e+02
9.662521769654936179e+02
9.616861500987521367e+02
9.571189818681830275e+02
9.525762561426928414e+02
9.480228777254150145e+02
9.435881029923876895e+02
9.391136700460207294e+02
9.348217081104411363e+02
9.305759843240437021e+02
9.262474375706412957e+02
9.220903674361037474e+02
9.180147745191236481e+02
9.138980599517786914e+02
9.096912992207012394e+02
9.056453342386402028e+02
9.016731102380210814e+02
8.976715250697877764e+02
8.937913596900023094e+02
8.900090288072798330e+02
8.862380247995409945e+02
8.825300284016655041e+02
8.788333867416037037e+02
8.751017589038673350e+02
8.714260252052686155e+02
8.677539733918829370e+02
8.641351970599810102e+02
8.606163024802569907e+02
8.571756036598636683e+02
8.537573854111365108e+02
8.504006735911927990e+02
8.470160832241017488e+02
8.437195564056218018e+02
8.404136784994468599e+02
8.371306695406919971e+02
8.339317171569413176e+02
8.307558064025656677e+02
8.277231379519876100e+02
8.246691122595454999e+02
8.216299528400609233e+02
8.185929186890920164e+02
8.156215057532360788e+02
8.126649634534676352e+02
8.096290116890576201e+02
8.067789771500824827e+02
8.039221570710241167e+02
8.011286438673384964e+02
7.983838846092214681e+02
7.956418738289179373e+02
7.928749187881335274e+02
7.901739034411309603e+02
7.875589065907046233e+02
7.848050850539408430e+02
7.821654296748528168e+02
7.797381338383102047e+02
7.770584166264078476e+02
7.746352601277222902e+02
7.722583541050979647e+02
7.699030213704357948e+02
7.674276031988156319e+02
7.649832427588440851e+02
7.626539532163137665e+02
7.604491073587275878e+02
7.581283934829585860e+02
7.559541637258361106e+02
7.537291083204817141e+02
7.513485710578637509e+02
7.492498979193717332e+02
7.471333002415908595e+02
7.450720452391569779e+02
7.429787933624240850e+02
7.409369251565237846e+02
7.388449017718317009e+02
7.369112052323071111e+02
7.349298712427199689e+02
7.329158257742076330e+02
7.310372605488985300e+02
7.291169517660549673e+02
7.271810335560247722e+02
7.253935972463482358e+02
7.235948151836339548e+02
7.217814809286772970e+02
7.202112108203463094e+02
7.183982043813641667e+02
7.166818571780845559e+02
7.152028523275912448e+02
7.137468759722520417e+02
7.122251544216675256e+02
7.106881954859076131e+02
7.090526843353092090e+02
7.074647224287778045e+02
7.060431217021296106e+02
7.046067347359232826e+02
7.030763234065457254e+02
7.017630138449276274e+02
7.005190034718170864e+02
6.990303609911675267e+02
6.976915056125467345e+02
6.963338295977250709e+02
6.951114907357793982e+02
6.937375221165672201e+02
6.924513087026451785e+02
