4.328067756907273633e+00
4.305375515088102567e+00
5.784782055466169970e-01
3.344665432100424329e-01
2.355218665111941390e-01
1.800889221142438212e-01
1.434160357882344472e-01
1.170946461586522269e-01
9.702744937486108834e-02
8.113581716259403442e-02
6.817939550917842539e-02
5.752618909400546154e-02
4.860342629373547857e-02
4.104917676857262193e-02
3.457004745523353101e-02
2.901074978531156118e-02
2.420849843879537347e-02
2.007292435160248911e-02
1.649517811250632293e-02
1.341905691598068232e-02
1.079446546785948861e-02
8.572142359160430172e-03
6.694425178176359459e-03
5.144480286190642251e-03
3.891561481946936765e-03
2.939806928238759397e-03
2.231207894793208087e-03
1.790986737254485163e-03
1.612066015330668699e-03
1.657262235763568015e-03
1.879160663005983176e-03
2.325353494513606768e-03
2.970576428158864211e-03
3.786405319487365015e-03
4.820093062755929914e-03
6.018322798867110912e-03
7.364849667633634710e-03
8.898842776716833769e-03
1.058505823433652203e-02
1.241803143871578717e-02
1.442074910088710082e-02
1.650778539120658153e-02
1.873188105170097220e-02
2.105783265285690944e-02
2.345283646201515651e-02
2.590389848537043294e-02
2.837919094495639297e-02
3.082931016230237159e-02
3.324307066908268465e-02
3.560296895812488371e-02
3.785256892072062784e-02
4.002482585252067904e-02
4.199242466341228386e-02
4.379392162112637210e-02
4.542789256685452609e-02
4.689843129321023124e-02
4.819446677124283179e-02
4.929757774271600196e-02
5.025342026994664146e-02
5.094843768422790964e-02
5.151451112716792097e-02
5.191102500276926351e-02
5.210119166850375738e-02
5.230167730799401005e-02
5.231274073213711823e-02
5.241260927192591818e-02
5.240566677606118412e-02
5.238482498822982086e-02
5.237058702537794597e-02
5.226326010822233969e-02
5.215405172068869610e-02
5.202967187240680608e-02
5.196031569125367233e-02
5.177553546952253644e-02
5.168989124452885026e-02
5.151587345429987919e-02
5.130936169258504265e-02
5.118865014140795006e-02
5.091567179264423065e-02
5.072785296101528507e-02
5.057970792237874436e-02
5.027714818037310601e-02
5.008170317952398420e-02
4.988455256390075809e-02
4.964943593182177123e-02
4.937100163883620385e-02
4.916580787793485563e-02
4.877219173740379027e-02
4.836356247247273338e-02
4.817704138117022417e-02
4.786671933903434428e-02
4.759997224883285444e-02
4.729800616365665428e-02
4.689613712313114857e-02
4.667587192354641368e-02
4.641790324797032130e-02
4.603038648981933045e-02
4.580307016902210315e-02
4.547267980430291096e-02
4.517476017950048522e-02
4.482977054552961249e-02
4.458027052995735401e-02
4.432246287177882271e-02
4.416718334322034673e-02
4.378924512017160625e-02
4.358775530036080453e-02
4.312864713380516746e-02
4.300201477875898598e-02
4.284575372469088400e-02
4.257166777149336973e-02
4.229953358321306839e-02
4.197907826490890337e-02
4.170513363636235704e-02
4.150244144159223603e-02
4.128622868635339893e-02
4.101808185251513972e-02
4.087778941004110295e-02
4.057569682759215590e-02
4.041180095750476764e-02
4.010404952561810038e-02
3.990471663136698627e-02
3.962249402852809077e-02
3.952772499520893629e-02
3.930197640905866430e-02
3.912414898886971970e-02
3.890250630717659308e-02
3.850159232109955781e-02
3.846780431835391395e-02
3.815218493823582802e-02
3.805055743618979136e-02
3.789311498435999487e-02
3.765000965586473569e-02
3.752470300855556551e-02
3.734039524524170733e-02
3.709359290747712978e-02
3.692383953556184484e-02
3.674171373141977420e-02
3.648939560364482249e-02
3.632827779138370766e-02
3.618511775908295897e-02
3.598841207867089359e-02
3.584493864537879881e-02
3.561606945357485843e-02
3.560585269428482441e-02
3.544118708354759145e-02
3.517748836860068451e-02
3.501175194185712769e-02
3.490002677705408840e-02
3.457505454056292171e-02
3.461261592454263625e-02
3.447581310710774033e-02
