4.387533471116133121e+00
3.887667202009092993e+00
2.066954519058771478e+00
1.909803159179425336e+00
1.740344011658990109e+00
1.130470595719941240e+00
8.653799843261004154e-01
8.470476421746736539e-01
7.748588724915299597e-01
6.270071193145605459e-01
6.109637224575108494e-01
6.084405244174777572e-01
5.926585283395274795e-01
5.620346258215279667e-01
5.482062332471957511e-01
5.439361431741273067e-01
5.062660660343302199e-01
4.887963993730891632e-01
4.806469348229061578e-01
4.686776043160172378e-01
4.479929758070595458e-01
4.424112532924364127e-01
4.312669490895966740e-01
4.138299460839867105e-01
4.045398975613036519e-01
3.833761725724401659e-01
3.801033934788093926e-01
3.664303311786875073e-01
3.606650363386045832e-01
3.382160848970628964e-01
3.354479369703413649e-01
3.350896138492329701e-01
3.330409782240958960e-01
3.324553527453691371e-01
3.305555957705697545e-01
3.244845956689892397e-01
3.235897992518652622e-01
3.164766104023555293e-01
3.120686744682872327e-01
3.077993495691694337e-01
2.921663714144643875e-01
2.917677694368920327e-01
2.870957868287736803e-01
2.868091361956335850e-01
2.786703114516729252e-01
2.746359510865364895e-01
2.714871168732900242e-01
2.693717669495042100e-01
2.669075162870874207e-01
2.648912714374996313e-01
2.568236978640238144e-01
2.542285039334646335e-01
2.513483182564454355e-01
2.464495123276091715e-01
2.459400527717306717e-01
2.430296852749920800e-01
2.395669750502054385e-01
2.348283810374088565e-01
2.283108279622546311e-01
2.273449085943680115e-01
2.262878970942164558e-01
2.251051580332699975e-01
2.245122155345476711e-01
2.220952306716753866e-01
2.215234202410093500e-01
2.187431361049911316e-01
2.179810553211130320e-01
2.160544045989756523e-01
2.104386338285191005e-01
2.043242386366870555e-01
2.024950248421701349e-01
2.012326264263900044e-01
2.002546277723051549e-01
2.000567233932288302e-01
1.973917192967841183e-01
1.969064852150207712e-01
1.935918166329425316e-01
1.914322026443915636e-01
1.864012121909190689e-01
1.849144943211162018e-01
1.845235974688666236e-01
1.839994273148677362e-01
1.833014179368405439e-01
1.830660042484206218e-01
1.816449837335321615e-01
1.806342160665476426e-01
1.804053517649259475e-01
1.758500658305392483e-01
1.757437654936012950e-01
1.751376981350631634e-01
1.743687600365425028e-01
1.740802638484349740e-01
1.718570927992708330e-01
1.711842178506205736e-01
1.705235291218911431e-01
1.703470162859189174e-01
1.697988846204397939e-01
1.691659591524138362e-01
1.689198311876600744e-01
1.687922263372213516e-01
1.687261741903341716e-01
1.683788455555825236e-01
1.683013877797591429e-01
1.673829243203085460e-01
1.668938116770457558e-01
1.667948329674044106e-01
1.661354657919975331e-01
1.650311105840171211e-01
1.644263667762670411e-01
1.633116759398471618e-01
1.625228956694432514e-01
1.621321505594453538e-01
1.619734997713102864e-01
1.619584652840209971e-01
1.615918984589992113e-01
1.607560382556229295e-01
1.606538204630031108e-01
1.603721814175979032e-01
1.603886028210264048e-01
1.598998386081287582e-01
1.593882789438237080e-01
1.589681517132319477e-01
1.589103944527514023e-01
1.587407624671093587e-01
1.587451878125525906e-01
1.587830365210774197e-01
1.584585696908186736e-01
1.583100317398175583e-01
1.582609003989227658e-01
1.579773650325382583e-01
1.577702766238568421e-01
1.575596016061062976e-01
1.572689214550523906e-01
1.570283152725206188e-01
1.567930758143039338e-01
1.566030077203311166e-01
1.563558992852318863e-01
1.561807259948280180e-01
1.561588702698586684e-01
1.561250426414625414e-01
1.561395840550275083e-01
1.561738251358477936e-01
1.561798131866790340e-01
1.560682692120824722e-01
1.559761798875980432e-01
1.557621314480474306e-01
1.558460666040319409e-01
1.560559115198551228e-01
1.559377251077834758e-01
1.559180430061765932e-01
1.560587222589083223e-01
