4.350803946388635879e+00
2.235230756842261357e+00
1.810861071308116577e+00
1.657510074036310677e+00
1.535959276982140187e+00
1.454326240835974060e+00
1.346398315343076968e+00
1.286918521231427137e+00
1.224233904658005745e+00
1.180326308223836218e+00
1.133245392807207264e+00
1.088068979398504110e+00
1.050625899383866857e+00
1.013384060173279755e+00
9.847790825240640977e-01
9.536416104466340915e-01
9.292707200171668180e-01
9.021848249686372778e-01
8.787093700523129769e-01
8.554224997917527773e-01
8.351600828076757299e-01
8.181573944157229938e-01
8.054491026140973009e-01
7.963060583645151791e-01
7.935547215387850351e-01
7.912740382648377757e-01
7.967790371554330786e-01
8.042299208513943309e-01
8.235463635223909673e-01
8.495976993354596996e-01
8.896479264575283263e-01
9.461174217740542236e-01
1.011844126491891593e+00
1.101753181758803990e+00
1.205420989436305046e+00
1.329003974149160827e+00
1.452972555180065850e+00
1.575008330822712965e+00
1.667235567579619993e+00
1.737216461513975352e+00
1.769361025687652189e+00
1.825357155566914136e+00
1.879230658816577249e+00
1.911020104167090006e+00
1.866357655056345655e+00
1.842850674710906800e+00
1.807502375117444826e+00
1.784093382335110389e+00
1.772388747684473076e+00
1.759807542084771415e+00
1.745715132569851002e+00
1.658010217394797703e+00
1.560588490707098819e+00
1.513301567146305482e+00
1.466444498006571839e+00
1.416661497106489920e+00
1.364675416131951868e+00
1.311737306865238706e+00
1.240956087740769931e+00
1.193007780567833631e+00
1.139989806127591265e+00
1.099495579976941473e+00
1.058521564602252329e+00
1.020133006900871386e+00
9.677129936899273588e-01
9.241645661341499896e-01
8.661479594754091238e-01
8.335166276065253399e-01
7.927269370440661600e-01
7.846301359498299988e-01
7.624262181583127962e-01
7.436957016021426004e-01
7.096174764519520561e-01
6.915272771043685651e-01
6.611746312741140219e-01
6.398883804813846332e-01
6.054021797890500878e-01
5.821324342440787891e-01
5.504791236008690358e-01
5.280262819638930072e-01
5.011220109872021045e-01
4.819213585957517476e-01
4.582048034727293495e-01
4.409117705393160169e-01
4.190651770536394927e-01
3.982069220223553585e-01
3.770234305973089728e-01
3.570553574563870014e-01
3.390061495954853066e-01
3.205749035609524733e-01
3.048749429474560402e-01
2.871874678950889215e-01
2.704566614515910294e-01
2.528163264517191977e-01
2.394871611047797999e-01
2.251572512999708287e-01
2.138150697776987630e-01
2.020522145804244940e-01
1.922102961942432908e-01
1.815051997870708034e-01
1.731697632531331021e-01
1.642122442196916055e-01
1.572339714835732649e-01
1.496720181813959161e-01
1.439777809275788467e-01
1.378103952513835551e-01
1.334651321368727217e-01
1.288565605372541945e-01
1.257822433535837336e-01
1.226055520943155619e-01
1.205110089186836597e-01
1.184007296521519259e-01
1.169687352134436975e-01
1.155399803901970834e-01
1.144864156193128868e-01
1.134301666957342469e-01
1.125737395570513555e-01
1.117064786160013590e-01
1.109388375675339211e-01
1.101667112721356201e-01
1.094471476869359194e-01
1.087275177705246398e-01
1.080370828136444916e-01
1.073536335213713389e-01
1.066866371602071539e-01
1.060295280222495196e-01
1.053856192250602897e-01
1.047510478506628595e-01
1.041289250084785900e-01
1.035152887134302979e-01
1.029110603528005097e-01
1.023154092135303284e-01
1.017310305514569913e-01
1.011527286713148066e-01
1.005857940101361203e-01
1.000251827954720119e-01
9.947354564954924427e-02
9.892894610705244007e-02
9.839296944368652875e-02
9.786375137373026778e-02
9.734046113942229628e-02
9.682735751843091210e-02
9.631864039639093100e-02
9.581695026422254458e-02
9.532522783158614565e-02
9.483376824547440354e-02
9.435329835777744867e-02
9.387524341253827842e-02
9.340867587989082343e-02
9.294319768669645487e-02
9.248652960823761093e-02
