4.328067756907274521e+00
2.289910172422697787e+00
1.825448652214801681e+00
1.614415673200598089e+00
1.464581236740208459e+00
1.378290841228271724e+00
1.292784386142407316e+00
1.245118196401482358e+00
1.187151348446153998e+00
1.154287252827913113e+00
1.117547325250923818e+00
1.089937228110263945e+00
1.056957752078803825e+00
1.033800943860859078e+00
1.000325157870622483e+00
9.773482764213593521e-01
9.485385998516691064e-01
9.257685163546637286e-01
9.031845256830729474e-01
8.801974427831388281e-01
8.581812828880436284e-01
8.335566219467469562e-01
8.116707062398722528e-01
7.874658827339763301e-01
7.677298945818487041e-01
7.456198453796699654e-01
7.276859497455907544e-01
7.076091562658453071e-01
6.903933315080306166e-01
6.724864576053397602e-01
6.557131256148539533e-01
6.403396445551245986e-01
6.241741235392722631e-01
6.111823144418456755e-01
5.957172385398906700e-01
5.845672779639203842e-01
5.698063008582591182e-01
5.600428544150128918e-01
5.460204575712509500e-01
5.373147406125250436e-01
5.241824327230816261e-01
5.162504817914150834e-01
5.041596117546932598e-01
4.967787538659175772e-01
4.856642044216309961e-01
4.786607121421257438e-01
4.684831094805624319e-01
4.617185606352324223e-01
4.523720440660378705e-01
4.457649451731399703e-01
4.371765596970362266e-01
4.306940730323646771e-01
4.228052240507627624e-01
4.164323469356622232e-01
4.091449407336221200e-01
4.028828357899677526e-01
3.961294568600127741e-01
3.899726988774919190e-01
3.836908861088617062e-01
3.776991188059601878e-01
3.718443942661905921e-01
3.660143042422739357e-01
3.605746435419600604e-01
3.549667682409249903e-01
3.498629311265291641e-01
3.444552816431014075e-01
3.396489975075788204e-01
3.344496801074000047e-01
3.299014042103959876e-01
3.248939518891866829e-01
3.205721055845065504e-01
3.157641055497512061e-01
3.116504017315922526e-01
3.070069742248374145e-01
3.030545327717540927e-01
2.985802334281058013e-01
2.948049282912955094e-01
2.905046974443056262e-01
2.869092722833578302e-01
2.827874523357110093e-01
2.793608272866874853e-01
2.754074009309098736e-01
2.721306987589131587e-01
2.683469333548095803e-01
2.652060499581005426e-01
2.615858473453194222e-01
2.585608848004465332e-01
2.550937029914827070e-01
2.521863088335840053e-01
2.488685222613116754e-01
2.460685791089795016e-01
2.428982694233140782e-01
2.402131009482638968e-01
2.371855479909628084e-01
2.346005615139230005e-01
2.317018898866073928e-01
2.292231532348124878e-01
2.264523892589407061e-01
2.240756412568037370e-01
2.214257168345795113e-01
2.191484952010818443e-01
2.166092053565791542e-01
2.144347937914693469e-01
2.120053887404216020e-01
2.099258197005930415e-01
2.075959526334263949e-01
2.056167182908542057e-01
2.033871002194471422e-01
2.015080227257247114e-01
1.993748624501184841e-01
1.975937190595539739e-01
1.955563389387250939e-01
1.938739522930036097e-01
1.919300189947313051e-01
1.903411151346509067e-01
1.884864615768437890e-01
1.869852726474101612e-01
1.852158332412768837e-01
1.837998525437750108e-01
1.821147874399190458e-01
1.807783368132633850e-01
1.791747149403106198e-01
1.779120879204361128e-01
1.763859468113425644e-01
1.751907045332312396e-01
1.737398177372423136e-01
1.726083424462164229e-01
1.712298923579080312e-01
1.701566412757297420e-01
1.688474804226890447e-01
1.678271979848474926e-01
1.665812393919136325e-01
1.656082075905218332e-01
1.644228266495333934e-01
1.634913504655119698e-01
1.623629474666451189e-01
1.614686643649344555e-01
1.603945322679960761e-01
1.595341031728075010e-01
1.585091705310971155e-01
1.576786912420291009e-01
1.566991619737927166e-01
1.558958069158153104e-01
1.549587478962452247e-01
1.541804401025035631e-01
1.532833452904942828e-01
1.525277924205067914e-01
1.516681147993003964e-01
1.509350747625836098e-01
1.501104445885545757e-01
1.493982299477247810e-01
