1.486571998862057740e+02
1.450247871230554040e+02
3.981789161077412587e+01
3.165957139179938551e+01
2.645792681633506405e+01
1.976310638958398513e+01
2.062801707914828953e+01
1.960388723530032706e+01
1.954582614660673201e+01
1.804974239221525778e+01
1.746174328131004216e+01
1.735690388338939982e+01
1.696918621689198758e+01
1.652893375841274803e+01
1.581842734867746891e+01
1.625251806706799940e+01
1.559733928500246947e+01
1.579180211423109448e+01
1.542703855911513777e+01
1.516040483739951128e+01
1.497919736724839090e+01
1.493403724290646473e+01
1.451661754580131181e+01
1.434210423133492007e+01
1.468098628923833715e+01
1.459303570822849849e+01
1.396968775931838991e+01
1.403427479203099715e+01
1.372096174565799487e+01
1.396932457534333771e+01
1.383737730394925514e+01
1.348827950832569655e+01
1.382305756952208142e+01
1.353953812763865372e+01
1.334561472181397512e+01
1.316513423265380567e+01
1.321381192339902277e+01
1.321574263898111568e+01
1.289075603862375097e+01
1.285225502797925579e+01
1.268235518647908044e+01
1.271124359966119499e+01
1.237622554720604562e+01
1.231970693520017335e+01
1.216596258345093418e+01
1.234193720357813362e+01
1.248582679510992755e+01
1.245615677949544953e+01
1.213904603068045418e+01
1.200442756131512034e+01
1.226418626362182174e+01
1.234877815540744450e+01
1.189649675934516182e+01
1.188537896636603719e+01
1.172698095578565614e+01
1.178485479658088408e+01
1.180506267758591754e+01
1.169249863120656840e+01
1.155877198030629849e+01
1.161022705098207730e+01
1.166416146180423929e+01
1.149674061391004365e+01
1.165205372313060472e+01
1.131467641447859407e+01
1.122783364524894445e+01
1.133665611330663125e+01
1.123280173049450426e+01
1.140059360456852566e+01
1.117337816738042022e+01
1.124685748876446745e+01
1.105985541269338057e+01
1.110302503320224332e+01
1.098868472896917048e+01
1.097910185050698750e+01
1.098307450633693527e+01
1.093523755482943827e+01
1.093546709487377200e+01
1.101514407034514953e+01
1.097597905214211700e+01
1.084367841794809628e+01
1.085176260066908682e+01
1.095926040149390346e+01
1.092246379909071941e+01
1.080406507289429641e+01
1.085876790139240811e+01
1.080666782776762957e+01
1.078980962728273774e+01
1.076667454755810560e+01
1.070798810994848260e+01
1.067302026124730396e+01
1.071614702313309664e+01
1.061266648810377333e+01
1.065513196508290861e+01
1.067387627848247433e+01
1.061618368366405285e+01
1.061397279778767277e+01
1.053007819903298525e+01
1.059197122876761732e+01
1.060116584872510437e+01
1.057810539303429742e+01
1.053441161786957814e+01
1.049966673491554658e+01
1.051728832741931896e+01
1.055029077973245144e+01
1.047177798070419641e+01
1.046445202029897814e+01
1.046648856028382468e+01
1.043813619627120737e+01
1.049480840758528188e+01
1.045475622751767375e+01
1.045900137442637501e+01
1.041080079226043509e+01
1.038701927034458627e+01
1.038592079397426460e+01
1.043276952302641725e+01
1.037263066933223321e+01
1.034410026332402843e+01
1.038105682979023925e+01
1.040640347114999642e+01
1.035762125857419491e+01
1.032984923697760848e+01
1.037389828807803305e+01
1.040138529115519894e+01
1.045875785717081463e+01
1.036925471290470746e+01
1.041290832356447638e+01
1.031321184284121983e+01
1.027193403326776355e+01
1.026756589591645685e+01
1.024857301480401439e+01
1.025960417589866580e+01
1.026136948172761088e+01
1.023269634530815608e+01
1.022259279250347497e+01
1.021010172739777921e+01
1.019872934914396367e+01
1.021620422608478584e+01
1.019750545451753787e+01
1.019466317300915925e+01
1.018085468048299447e+01
1.017959554529144661e+01
1.017271701808106954e+01
1.017377050105464242e+01
1.016539279601036938e+01
1.016353749633817571e+01
1.015987596302377405e+01
1.014807399058501503e+01
1.014023983751277669e+01
1.014006510525771709e+01
1.013096688438616688e+01
1.014282457358318545e+01
