2.523407614323821804e+02
2.253479829006020054e+02
1.270294980212846525e+02
1.185433245877999582e+02
1.093925306216964515e+02
7.645936616098781258e+01
6.214447314572040426e+01
6.115452666954335825e+01
5.725633310665359943e+01
4.927233843509725375e+01
4.840599500481656747e+01
4.826974231065478449e+01
4.741751452244546527e+01
4.576382378647349469e+01
4.501709058745955616e+01
4.478650572351385506e+01
4.275232155796481237e+01
4.180895955825779708e+01
4.136888847254791557e+01
4.072254462517591378e+01
3.960557468569219708e+01
3.930416166990254823e+01
3.870236924294920300e+01
3.776077108064626486e+01
3.725910846042138047e+01
3.611626731102275301e+01
3.593953723996668970e+01
3.520119187576010944e+01
3.488986595439563132e+01
3.367762257655238045e+01
3.352814258850941798e+01
3.350879313996956199e+01
3.339816681621216077e+01
3.336654304036091645e+01
3.326395616372175112e+01
3.293612215823640099e+01
3.288780315171170798e+01
3.250369095383818063e+01
3.226566241339849483e+01
3.203511886884613347e+01
3.119093804849206109e+01
3.116941354170315392e+01
3.091712648086476278e+01
3.090164734667519753e+01
3.046215081050132412e+01
3.024429535078395404e+01
3.007425830326864613e+01
2.996002940738421216e+01
2.982695987161370610e+01
2.971808264973596536e+01
2.928243367676827091e+01
2.914229320451807581e+01
2.898676317795903756e+01
2.872222765780188070e+01
2.869471684178444093e+01
2.853755699696055714e+01
2.835057064482207778e+01
2.809468656813106335e+01
2.774273870207273518e+01
2.769057905620685744e+01
2.763350043519867327e+01
2.756963252590756497e+01
2.753761363097655845e+01
2.740709644838145564e+01
2.737621868512549028e+01
2.722608334178050526e+01
2.718493097945108872e+01
2.708089184045567066e+01
2.677764021885101542e+01
2.644746287849208599e+01
2.634868533358817189e+01
2.628051581913604551e+01
2.622770389181546236e+01
2.621701705534534099e+01
2.607310683413732733e+01
2.604690419372210641e+01
2.586791209028988092e+01
2.575129293490812898e+01
2.547961945042061416e+01
2.539933668545126011e+01
2.537822825542978222e+01
2.534992306711384202e+01
2.531223056070037458e+01
2.529951822152569818e+01
2.522278311372172155e+01
2.516820165970455747e+01
2.515584298741698532e+01
2.490985754696010446e+01
2.490411732876545514e+01
2.487138969140439571e+01
2.482986703408428042e+01
2.481428823992647281e+01
2.469423700327160986e+01
2.465790175604449530e+01
2.462222456469310572e+01
2.461269287155060681e+01
2.458309376161473381e+01
2.454891578634133253e+01
2.453562487624462918e+01
2.452873421432093792e+01
2.452516739838902993e+01
2.450641165211244044e+01
2.450222893221797804e+01
2.445263190540764597e+01
2.442621982267145597e+01
2.442087497235082338e+01
2.438526914487885122e+01
2.432563396364790975e+01
2.429297779802940482e+01
2.423278449286273073e+01
2.419019035826092079e+01
2.416909012232103393e+01
2.416052297976174046e+01
2.415971111744811850e+01
2.413991650889694185e+01
2.409478005791462252e+01
2.408926029711315309e+01
2.407405178866127216e+01
2.407493854444641102e+01
2.404854527694993749e+01
2.402092105507746567e+01
2.399823418462550961e+01
2.399511529255956077e+01
2.398595516533488947e+01
2.398619413398882472e+01
2.398823796424916566e+01
2.397071675541519298e+01
2.396269570606113319e+01
2.396004261365281351e+01
2.394473170386805094e+01
2.393354892979925452e+01
2.392217247884072506e+01
2.390647575068381414e+01
2.389348301682709774e+01
2.388078008608339786e+01
2.387051640900886440e+01
2.385717255351350730e+01
2.384771319583169813e+01
2.384653298668335353e+01
2.384470629474996173e+01
2.384549153108246955e+01
2.384734054944676629e+01
2.384766390419165205e+01
2.384164052956343838e+01
2.383666770604127905e+01
2.382510909030554558e+01
2.382964158872870897e+01
2.384097321418316184e+01
2.383459114793129174e+01
2.383352831444452136e+01
2.384112499409203423e+01
