6.371106075962154591e+02
1.909092414349171519e+08
1.909057190808426738e+08
1.909056433631320000e+08
1.909056445049041510e+08
1.909056457407452166e+08
1.909056470043334663e+08
1.909056483228939176e+08
1.909056496495338678e+08
1.909056509739578664e+08
1.909056522872261107e+08
1.909056535976462960e+08
1.909056549156244397e+08
1.909056561992321610e+08
1.909056575031555295e+08
1.909056587812073827e+08
1.909056600851136148e+08
1.909056613363697827e+08
1.909056626361425817e+08
1.909056639553887546e+08
1.909056652760581076e+08
1.909056665831036866e+08
1.909056678909777105e+08
1.909056692287060320e+08
1.909056705302233696e+08
1.909056718649751246e+08
1.909056731393882632e+08
1.909056744529766440e+08
1.909056757901339829e+08
1.909056771124749184e+08
1.909056784478807747e+08
1.909056797251358628e+08
1.909056810734969974e+08
1.909056823583925664e+08
1.909056836912575364e+08
1.909056849910789132e+08
1.909056863244760036e+08
1.909056876278087497e+08
1.909056889586832821e+08
1.909056902732737660e+08
1.909056915922525525e+08
1.909056928980771601e+08
1.909056942182686925e+08
1.909056955297740102e+08
1.909056968554542959e+08
1.909056981667291224e+08
1.909056994836023748e+08
1.909057007947677374e+08
1.909057021175850034e+08
1.909057034302644730e+08
1.909057047548312545e+08
1.909057060683626831e+08
1.909057073927685022e+08
1.909057087062584460e+08
1.909057100331624448e+08
1.909057113454914093e+08
1.909057126718265414e+08
1.909057139858449399e+08
1.909057153130700588e+08
1.909057166252718270e+08
1.909057179536265135e+08
1.909057192670342922e+08
1.909057205945308805e+08
1.909057219074308276e+08
1.909057232360209525e+08
1.909057245493113399e+08
1.909057258782579303e+08
1.909057271921400428e+08
1.909057285210627913e+08
1.909057298344806135e+08
1.909057311638024449e+08
1.909057324759875834e+08
1.909057338055461347e+08
1.909057351183876395e+08
1.909057364482250214e+08
1.909057377610997558e+08
1.909057390909785628e+08
1.909057404040389061e+08
1.909057417337999046e+08
1.909057430468550920e+08
1.909057443762509525e+08
1.909057456895369887e+08
1.909057470188312531e+08
1.909057483323943317e+08
1.909057496615849435e+08
1.909057509752299190e+08
1.909057523040705323e+08
1.909057536177716851e+08
1.909057549468021393e+08
1.909057562605930269e+08
1.909057575893893540e+08
1.909057589031617641e+08
1.909057602319934070e+08
1.909057615458152890e+08
1.909057628745143712e+08
1.909057641885240674e+08
1.909057655173934400e+08
1.909057668308911622e+08
1.909057681595816314e+08
1.909057694734327793e+08
1.909057708021411300e+08
1.909057721160185933e+08
1.909057734446423650e+08
1.909057747584965229e+08
1.909057760872181654e+08
1.909057774007023573e+08
1.909057787294198871e+08
1.909057800431177318e+08
1.909057813716216683e+08
1.909057826854905486e+08
1.909057840137394071e+08
1.909057853278890252e+08
1.909057866564142406e+08
1.909057879701274931e+08
1.909057892985179722e+08
1.909057906122298837e+08
1.909057919405919313e+08
1.909057932544417977e+08
1.909057945823132098e+08
1.909057958969294727e+08
1.909057972252350450e+08
1.909057985384100080e+08
1.909057998665091097e+08
1.909058011800026596e+08
1.909058025057104826e+08
1.909058038185185194e+08
1.909058051464783549e+08
1.909058064596846402e+08
1.909058077869414091e+08
1.909058091003493369e+08
1.909058104268064797e+08
1.909058117400602996e+08
1.909058130684493780e+08
1.909058143813392520e+08
1.909058157087343335e+08
1.909058170210192204e+08
1.909058183481459320e+08
1.909058196611644626e+08
1.909058209880141020e+08
1.909058223014999032e+08
1.909058236283436120e+08
1.909058249415571094e+08
1.909058262683685422e+08
1.909058275815542042e+08
1.909058289090915918e+08
1.909058302219603956e+08
1.909058315488598943e+08
1.909058328630971313e+08
1.909058341907536387e+08
1.909058355035251975e+08
1.909058368303042352e+08
