6.869999999999999718e-02
3.190000000000000058e-01
5.353999999999999870e-01
6.662000000000000144e-01
7.147000000000000020e-01
7.376000000000000334e-01
7.567000000000000393e-01
7.604999999999999538e-01
7.779000000000000359e-01
7.822000000000000064e-01
7.953000000000000069e-01
8.000000000000000444e-01
8.076999999999999735e-01
8.107999999999999652e-01
8.156999999999999806e-01
8.203000000000000291e-01
8.211000000000000520e-01
8.252000000000000446e-01
8.256000000000000005e-01
8.303000000000000380e-01
8.287999999999999812e-01
8.354000000000000314e-01
8.353000000000000425e-01
8.393000000000000460e-01
8.408999999999999808e-01
8.446000000000000174e-01
8.456000000000000183e-01
8.488999999999999879e-01
8.490999999999999659e-01
8.519999999999999796e-01
8.535000000000000364e-01
8.551999999999999602e-01
8.565000000000000391e-01
8.576000000000000290e-01
8.581999999999999629e-01
8.594000000000000528e-01
8.598999999999999977e-01
8.607000000000000206e-01
8.609999999999999876e-01
8.633999999999999453e-01
8.633999999999999453e-01
8.647000000000000242e-01
8.651999999999999691e-01
8.655000000000000471e-01
8.676000000000000378e-01
8.676000000000000378e-01
8.703999999999999515e-01
8.693999999999999506e-01
8.720999999999999863e-01
8.715000000000000524e-01
8.729000000000000092e-01
8.722999999999999643e-01
8.747000000000000330e-01
8.745000000000000551e-01
8.753999999999999559e-01
8.757000000000000339e-01
8.764999999999999458e-01
8.769000000000000128e-01
8.777000000000000357e-01
8.787000000000000366e-01
8.787000000000000366e-01
8.793999999999999595e-01
8.799000000000000155e-01
8.800999999999999934e-01
8.808000000000000274e-01
8.802999999999999714e-01
8.810999999999999943e-01
8.820999999999999952e-01
8.821999999999999842e-01
8.829000000000000181e-01
8.827000000000000401e-01
8.836000000000000520e-01
8.839000000000000190e-01
8.842999999999999750e-01
8.843999999999999639e-01
8.849000000000000199e-01
8.848000000000000309e-01
8.857000000000000428e-01
8.858000000000000318e-01
8.863999999999999657e-01
8.859000000000000208e-01
8.868000000000000327e-01
8.868000000000000327e-01
8.872999999999999776e-01
8.874999999999999556e-01
8.878000000000000336e-01
8.881999999999999895e-01
8.881999999999999895e-01
8.890000000000000124e-01
8.888000000000000345e-01
8.897000000000000464e-01
8.890000000000000124e-01
8.897000000000000464e-01
8.891999999999999904e-01
8.901000000000000023e-01
8.895999999999999464e-01
8.903999999999999693e-01
8.900000000000000133e-01
8.907000000000000473e-01
8.908000000000000362e-01
8.912999999999999812e-01
8.912999999999999812e-01
8.921000000000000041e-01
8.918000000000000371e-01
8.924999999999999600e-01
8.924999999999999600e-01
8.931999999999999940e-01
8.928000000000000380e-01
8.932999999999999829e-01
8.933999999999999719e-01
8.937000000000000499e-01
8.941000000000000059e-01
8.939000000000000279e-01
8.944999999999999618e-01
8.945999999999999508e-01
8.950000000000000178e-01
8.951000000000000068e-01
8.953999999999999737e-01
8.952999999999999847e-01
8.954999999999999627e-01
8.953999999999999737e-01
8.954999999999999627e-01
8.955999999999999517e-01
8.955999999999999517e-01
8.960000000000000187e-01
8.960000000000000187e-01
8.962999999999999856e-01
8.967000000000000526e-01
8.969000000000000306e-01
8.970000000000000195e-01
8.970000000000000195e-01
8.972999999999999865e-01
8.973999999999999755e-01
8.974999999999999645e-01
8.975999999999999535e-01
8.979000000000000314e-01
8.980000000000000204e-01
8.980000000000000204e-01
8.981000000000000094e-01
8.981000000000000094e-01
8.983999999999999764e-01
8.985999999999999543e-01
8.985999999999999543e-01
8.988000000000000433e-01
8.989000000000000323e-01
8.990000000000000213e-01
8.991999999999999993e-01
8.991999999999999993e-01
8.992999999999999883e-01
8.992999999999999883e-01
8.991999999999999993e-01
