6.869999999999999718e-02
1.812999999999999889e-01
3.197999999999999732e-01
4.440999999999999948e-01
5.467999999999999527e-01
6.165000000000000480e-01
6.512000000000000011e-01
6.712000000000000188e-01
7.025000000000000133e-01
7.105000000000000204e-01
7.380999999999999783e-01
7.376000000000000334e-01
7.542999999999999705e-01
7.542999999999999705e-01
7.709000000000000297e-01
7.703999999999999737e-01
7.782999999999999918e-01
7.819000000000000394e-01
7.725999999999999535e-01
7.761000000000000121e-01
7.788000000000000478e-01
7.831000000000000183e-01
8.070000000000000506e-01
8.014999999999999902e-01
8.148999999999999577e-01
8.065999999999999837e-01
8.175000000000000044e-01
8.136999999999999789e-01
8.120000000000000551e-01
8.115999999999999881e-01
8.035999999999999810e-01
8.117999999999999661e-01
8.104999999999999982e-01
8.245000000000000107e-01
8.266999999999999904e-01
8.326000000000000068e-01
8.333000000000000407e-01
8.372000000000000552e-01
8.378999999999999782e-01
8.409999999999999698e-01
8.418999999999999817e-01
8.463000000000000522e-01
8.456000000000000183e-01
8.493000000000000549e-01
8.497000000000000108e-01
8.518000000000000016e-01
8.525000000000000355e-01
8.542999999999999483e-01
8.551999999999999602e-01
8.567000000000000171e-01
8.561999999999999611e-01
8.582999999999999519e-01
8.594000000000000528e-01
8.608999999999999986e-01
8.611999999999999655e-01
8.619999999999999885e-01
8.620999999999999774e-01
8.640999999999999792e-01
8.649999999999999911e-01
8.659999999999999920e-01
8.666000000000000369e-01
8.673999999999999488e-01
8.685000000000000497e-01
8.696000000000000396e-01
8.689000000000000057e-01
8.705000000000000515e-01
8.709000000000000075e-01
8.718000000000000194e-01
8.728000000000000203e-01
8.733999999999999542e-01
8.741999999999999771e-01
8.748000000000000220e-01
8.745000000000000551e-01
8.754999999999999449e-01
8.754999999999999449e-01
8.760000000000000009e-01
8.764999999999999458e-01
8.771999999999999797e-01
8.778000000000000247e-01
8.779000000000000137e-01
8.786000000000000476e-01
8.784999999999999476e-01
8.789000000000000146e-01
8.790000000000000036e-01
8.792999999999999705e-01
8.800000000000000044e-01
8.806000000000000494e-01
8.804999999999999494e-01
8.813999999999999613e-01
8.814999999999999503e-01
8.822999999999999732e-01
8.826000000000000512e-01
8.827000000000000401e-01
8.830999999999999961e-01
8.832999999999999741e-01
8.833999999999999631e-01
8.834999999999999520e-01
8.839000000000000190e-01
8.840000000000000080e-01
8.842999999999999750e-01
8.841999999999999860e-01
8.849000000000000199e-01
8.850999999999999979e-01
8.853999999999999648e-01
8.852999999999999758e-01
8.856000000000000538e-01
8.859000000000000208e-01
8.859000000000000208e-01
8.860999999999999988e-01
8.867000000000000437e-01
8.867000000000000437e-01
8.869000000000000217e-01
8.867000000000000437e-01
8.871999999999999886e-01
8.873999999999999666e-01
8.878000000000000336e-01
8.875999999999999446e-01
8.880000000000000115e-01
8.881999999999999895e-01
8.884999999999999565e-01
8.885999999999999455e-01
8.890000000000000124e-01
8.891999999999999904e-01
8.895999999999999464e-01
8.897000000000000464e-01
8.897000000000000464e-01
8.899000000000000243e-01
8.901000000000000023e-01
8.902999999999999803e-01
8.902999999999999803e-01
8.903999999999999693e-01
8.904999999999999583e-01
8.905999999999999472e-01
8.905999999999999472e-01
8.905999999999999472e-01
8.907000000000000473e-01
8.908000000000000362e-01
8.911000000000000032e-01
8.911000000000000032e-01
8.911000000000000032e-01
8.910000000000000142e-01
8.911000000000000032e-01
8.911000000000000032e-01
8.911999999999999922e-01
8.913999999999999702e-01
8.914999999999999591e-01
8.914999999999999591e-01
8.915999999999999481e-01
8.915999999999999481e-01
8.917000000000000481e-01
8.918000000000000371e-01
