1.326273276606195623e+03
1.142995664299565306e+03
1.005692769554739925e+03
9.981489937674505200e+02
9.966724489979329746e+02
9.961159647507745376e+02
1.005847754646959629e+03
1.007070278905235455e+03
1.021578050122961258e+03
1.058586168116682074e+03
1.079480186532840435e+03
1.099054373708401272e+03
1.151572703911037934e+03
1.161580092472757769e+03
1.187613351668355563e+03
1.200174646687769382e+03
1.211616968691372676e+03
1.214660397003987100e+03
1.308766907759379365e+03
1.313128099332890542e+03
1.361860421847072303e+03
1.430443214597169344e+03
1.432093543379769926e+03
1.436839651715268246e+03
1.518354192072171372e+03
1.530431887550170813e+03
1.539444925871858004e+03
1.548938456847462248e+03
1.561945566331618238e+03
1.563126622155524728e+03
1.576336575396348735e+03
1.580121598465626448e+03
1.587863271015737382e+03
1.595182967253812421e+03
1.667088245821546707e+03
1.784677978506146701e+03
1.883387384182718506e+03
1.901855876848386742e+03
1.930425962854134468e+03
1.969700577815999623e+03
1.970160420401877445e+03
2.018758382937017814e+03
2.025534899817024780e+03
2.032519439656783561e+03
2.052354446666258809e+03
2.126335004886156639e+03
2.135191443285740206e+03
2.218622918155560910e+03
2.231803023737418698e+03
2.249409664774622343e+03
2.250562117131149989e+03
2.251251901528924009e+03
2.258656099464706585e+03
2.261219063454527713e+03
2.263310100202998456e+03
2.267950756104782613e+03
2.276974131346304148e+03
2.359409696813318078e+03
2.367045316553136672e+03
2.380920690548492985e+03
2.389015613837504588e+03
2.425466891667701020e+03
2.445059929953534265e+03
2.482433421688695489e+03
2.523252150082202661e+03
2.597558820721255870e+03
2.626302548112957538e+03
2.631820472037126819e+03
2.658249687143186748e+03
2.669506957486820284e+03
2.712453175703304623e+03
2.715667950373500844e+03
2.722561730155292935e+03
2.735876065214992195e+03
2.739547192105736940e+03
2.827116007902824549e+03
2.880486401325880252e+03
2.893303357683982085e+03
2.923276247120127664e+03
2.926699830981701325e+03
2.928539006765530758e+03
2.941566270730181714e+03
3.018350098995038024e+03
3.024505998230529713e+03
3.035927873570831252e+03
3.055797778273604308e+03
3.079118109443058529e+03
3.101703555522779880e+03
3.131164664705889209e+03
3.141204155268845625e+03
3.169927135370375254e+03
3.195236860405175776e+03
3.201165340347152778e+03
3.248350134386839727e+03
3.255415915040846812e+03
3.283880660624537086e+03
3.309154272625864451e+03
3.325552380776662176e+03
3.330326210627891214e+03
3.350581036305321504e+03
3.358312192582019634e+03
3.377864199159176678e+03
3.392190845657379214e+03
3.397646193588710503e+03
3.402424343346085607e+03
3.428580105038777219e+03
3.446544943714500732e+03
3.454722311656135389e+03
3.511282534968110667e+03
3.538758208779863253e+03
3.573719472958900496e+03
3.624758487440824865e+03
3.629974217799206144e+03
3.658997526236550129e+03
3.667153503726044619e+03
3.690290638609398684e+03
3.726779239450751447e+03
3.738105151006934648e+03
3.796085644302689616e+03
3.851304542625967770e+03
3.864653408290872903e+03
3.924144950926223828e+03
3.932958249577830429e+03
3.935898003417389646e+03
3.941325975398937771e+03
3.964389938736985641e+03
3.974336431144764447e+03
4.034664347314997030e+03
4.057485163163568359e+03
4.060872530670319065e+03
4.077363551722650300e+03
4.097238077400032125e+03
4.122071841164840407e+03
4.142385623535173181e+03
4.176244680962159691e+03
4.181885371978738476e+03
4.190234096339421740e+03
4.267600593623282293e+03
4.276618944063858180e+03
4.296908560071842658e+03
4.302993376705926494e+03
4.309755643156963743e+03
4.313587757294140829e+03
4.341533252352829550e+03
4.346941765548172043e+03
4.367667522569980974e+03
4.401908507713191284e+03
4.404612065414874451e+03
4.415648785588729879e+03
4.434116821135762621e+03
