1.290831248937796317e+03
1.132246442889989794e+03
1.077449976562967777e+03
1.047065264626271983e+03
1.029383000310851003e+03
1.019804268365933012e+03
1.015959050470086936e+03
1.016435550270775593e+03
1.020311638080938224e+03
1.026944510960175649e+03
1.035863936848327057e+03
1.046713134899131546e+03
1.059212666022815483e+03
1.073138291842525859e+03
1.088306049756580933e+03
1.104561678748666509e+03
1.121773516047574049e+03
1.139826652570489614e+03
1.158619681240146065e+03
1.178062635276980245e+03
1.198074290260809221e+03
1.218580833438744094e+03
1.239514473269295195e+03
1.260814018373867384e+03
1.282424291535945486e+03
1.304295027795048100e+03
1.326381021972865710e+03
1.348641941870163464e+03
1.371042212829767323e+03
1.393551645147224463e+03
1.416144711098844255e+03
1.438799930876144117e+03
1.461500294780439162e+03
1.484232028960659818e+03
1.506984543985612845e+03
1.529749820074377340e+03
1.552521998842110861e+03
1.575296723659306735e+03
1.598070682286602960e+03
1.620841296295644042e+03
1.643606712493213081e+03
1.666365564900014306e+03
1.689116884227871878e+03
1.711859973275785251e+03
1.734594337522138858e+03
1.757319607100776238e+03
1.780035596834426087e+03
1.802742174849189496e+03
1.825439257120111051e+03
1.848126825749121053e+03
1.870804878316256463e+03
1.893473469341702639e+03
1.916132675523323542e+03
1.938782588743977158e+03
1.961423300310606692e+03
1.984054894867113717e+03
2.006677467664592086e+03
2.029291143480010987e+03
2.051896032336596818e+03
2.074492251147813931e+03
2.097079920563713131e+03
2.119659162405628194e+03
2.142230090672990627e+03
2.164792832095858557e+03
2.187347511140334973e+03
2.209894246849935371e+03
2.232433162407174677e+03
2.254964372565280883e+03
2.277487997072378676e+03
2.300004145664908719e+03
2.322512928749239109e+03
2.345014450931936153e+03
2.367508820347972687e+03
2.389996140912030114e+03
2.412476513649642129e+03
2.434950039893162739e+03
2.457416822196825251e+03
2.479876956202974270e+03
2.502330534052080566e+03
2.524777650635879581e+03
2.547218391795741354e+03
2.569652845773718582e+03
2.592081101101126933e+03
2.614503242134399443e+03
2.636919347958177241e+03
2.659329498524192331e+03
2.681733772070148461e+03
2.704132245298289490e+03
2.726524998543988659e+03
2.748912103382027453e+03
2.771293634648885472e+03
2.793669664063591426e+03
2.816040260263048367e+03
2.838405489183635382e+03
2.860765420780665409e+03
2.883120119555610472e+03
2.905469654786993033e+03
2.927814088836121300e+03
2.950153482312970027e+03
2.972487894826445427e+03
2.994817386389895546e+03
3.017142015331646689e+03
3.039461838610760424e+03
3.061776914064694665e+03
3.084087295687235383e+03
3.106393036195216609e+03
3.128694188439509162e+03
3.150990804627320813e+03
3.173282934528057012e+03
3.195570627373387651e+03
3.217853932557779899e+03
3.240132897808091457e+03
3.262407569971522207e+03
3.284677994858354396e+03
3.306944217126526837e+03
3.329206282394542995e+03
3.351464234090471109e+03
3.373718115580953508e+03
3.395967969105827706e+03
3.418213835282973832e+03
3.440455754830379647e+03
3.462693767288159052e+03
3.484927913522704330e+03
3.507158230860529329e+03
3.529384758231854903e+03
3.551607532799939690e+03
3.573826592286767664e+03
3.596041970522668180e+03
3.618253704324893533e+03
3.640461828024824172e+03
3.662666376723258054e+03
3.684867384483097794e+03
3.707064884214426911e+03
3.729258908590063129e+03
3.751449489521092801e+03
3.773636659069330108e+03
3.795820447517992761e+03
3.818000886303042535e+03
3.840178005448856311e+03
3.862351834479942681e+03
3.884522402138794860e+03
3.906689737901384888e+03
3.928853869550990112e+03
3.951014825808181286e+03
3.973172634067073432e+03
3.995327321756256424e+03
4.017478915206450438e+03
4.039627441313449708e+03
4.061772926053845822e+03
4.083915395372016064e+03
