1.346854473659867381e+03
1.165096505342348337e+03
2.272290370290214014e+03
3.307827719621917367e+03
3.318554209852175973e+03
2.771969310374546694e+03
2.295032391208614172e+03
2.079925018844822262e+03
2.070943318013876706e+03
2.163250638109994270e+03
2.264451035897845031e+03
2.321374579321547571e+03
2.328084134082203946e+03
2.306835404031081907e+03
2.282225604535969524e+03
2.267566771514019365e+03
2.264461145577455227e+03
2.268281984899550025e+03
2.273630900362378270e+03
2.277260816299035469e+03
2.278443426370524776e+03
2.277956588747833848e+03
2.276912246714396133e+03
2.276067338512897550e+03
2.275676593205714653e+03
2.275656246742307758e+03
2.275810168375903231e+03
2.275979235237342891e+03
2.276088611632420907e+03
2.276130258539287297e+03
2.276126782436941539e+03
2.276104104192306295e+03
2.276079790452707130e+03
2.276062056986103471e+03
2.276052846609170501e+03
2.276050956288137968e+03
2.276053863040928718e+03
2.276058820752306019e+03
2.276063509632526802e+03
2.276066477632448823e+03
2.276067346844025451e+03
2.276066567408315223e+03
2.276065040995441450e+03
2.276063616036862641e+03
2.276062785817616259e+03
2.276062646552672959e+03
2.276062978700023450e+03
2.276063467869479609e+03
2.276063860097077395e+03
2.276064051253714297e+03
2.276064048289535094e+03
2.276063926373393770e+03
2.276063777345910694e+03
2.276063668934029010e+03
2.276063628562917074e+03
2.276063646617071754e+03
2.276063694896927245e+03
2.276063738975349224e+03
2.276063761922536287e+03
2.276063762881708954e+03
2.276063750576872280e+03
2.276063736292961494e+03
2.276063728732105119e+03
2.276063727995085628e+03
2.276063731366048614e+03
2.276063734688650129e+03
2.276063735721683315e+03
2.276063735279781213e+03
2.276063734749706782e+03
2.276063734749553987e+03
2.276063734749645391e+03
2.276063734749645391e+03
2.276063734749645391e+03
2.276063734749645391e+03
2.276063734749645391e+03
2.276063734749645391e+03
2.276063734749645391e+03
2.276063734749645391e+03
2.276063734749645391e+03
2.276063734749645391e+03
2.276063734749645391e+03
2.276063734749645391e+03
2.276063734749645391e+03
2.276063734749645391e+03
2.276063734749645391e+03
2.276063734749645391e+03
2.276063734749645391e+03
2.276063734749645391e+03
2.276063734749645391e+03
2.276063734749645391e+03
2.276063734749645391e+03
2.276063734749645391e+03
2.276063734749645391e+03
2.276063734749645391e+03
2.276063734749645391e+03
2.276063734749645391e+03
2.276063734749645391e+03
2.276063734749645391e+03
2.276063734749645391e+03
2.276063734749645391e+03
2.276063734749645391e+03
2.276063734749645391e+03
2.276063734749645391e+03
2.276063734749645391e+03
2.276063734749645391e+03
2.276063734749645391e+03
2.276063734749645391e+03
2.276063734749645391e+03
2.276063734749645391e+03
2.276063734749645391e+03
2.276063734749645391e+03
2.276063734749645391e+03
2.276063734749645391e+03
2.276063734749645391e+03
2.276063734749645391e+03
2.276063734749645391e+03
2.276063734749645391e+03
2.276063734749645391e+03
2.276063734749645391e+03
2.276063734749645391e+03
2.276063734749645391e+03
2.276063734749645391e+03
2.276063734749645391e+03
2.276063734749645391e+03
2.276063734749645391e+03
2.276063734749645391e+03
2.276063734749645391e+03
2.276063734749645391e+03
2.276063734749645391e+03
2.276063734749645391e+03
2.276063734749645391e+03
2.276063734749645391e+03
2.276063734749645391e+03
2.276063734749645391e+03
2.276063734749645391e+03
2.276063734749645391e+03
2.276063734749645391e+03
2.276063734749645391e+03
2.276063734749645391e+03
2.276063734749645391e+03
2.276063734749645391e+03
2.276063734749645391e+03
2.276063734749645391e+03
2.276063734749645391e+03
2.276063734749645391e+03
2.276063734749645391e+03
2.276063734749645391e+03
2.276063734749645391e+03
2.276063734749645391e+03
2.276063734749645391e+03
