1.486571998862057740e+02
1.481857364236690842e+02
3.870645021328548552e+01
2.359888744235296798e+01
1.857207601092241944e+01
1.668922746656631872e+01
1.609292992114922072e+01
1.559947393290167206e+01
1.507050014710456765e+01
1.462175347010163229e+01
1.424828412038217706e+01
1.393362504229501120e+01
1.366399923038706810e+01
1.342916587648617366e+01
1.322234470392464800e+01
1.303863942846347079e+01
1.287377237336267122e+01
1.272477779162420930e+01
1.258932864478071778e+01
1.246516816396504979e+01
1.235129119638442674e+01
1.224605623888645489e+01
1.214849364163886491e+01
1.205757282702973754e+01
1.197264118210109984e+01
1.189313111354798380e+01
1.181844170913982062e+01
1.174802416261789162e+01
1.168152106349453589e+01
1.161864799593909581e+01
1.155899838764748111e+01
1.150231516098556384e+01
1.144834250654792740e+01
1.139689103052110042e+01
1.134783611740735587e+01
1.130085594726064357e+01
1.125590143356891737e+01
1.121279960828048594e+01
1.117151460085777082e+01
1.113180701293980768e+01
1.109356387562164059e+01
1.105673161181873354e+01
1.102126708891008811e+01
1.098703037532327009e+01
1.095399223514259646e+01
1.092204240489623857e+01
1.089121632489417557e+01
1.086132460655379539e+01
1.083231782912827157e+01
1.080424122866985215e+01
1.077701285332805980e+01
1.075059543839239495e+01
1.072490741977664186e+01
1.070000168294089526e+01
1.067574564326766229e+01
1.065218806246704730e+01
1.062921568708455133e+01
1.060683692766657771e+01
1.058503559676458750e+01
1.056378633138082002e+01
1.054313803086136758e+01
1.052291347908030517e+01
1.050318694044644019e+01
1.048389676123035841e+01
1.046506804291116488e+01
1.044665038810583191e+01
1.042868404480266342e+01
1.041105000056926677e+01
1.039382087864828463e+01
1.037699984279693410e+01
1.036051054114526160e+01
1.034439438454906757e+01
1.032858137699318135e+01
1.031301716453834771e+01
1.029784028288529463e+01
1.028291033411063715e+01
1.026825500038880712e+01
1.025390558107440242e+01
1.023984608138818508e+01
1.022597706137558582e+01
1.021241383788357560e+01
1.019905885189844064e+01
1.018597350755908337e+01
1.017306781368041335e+01
1.016042996863395231e+01
1.014797543019024140e+01
1.013571826812768961e+01
1.012366194131621278e+01
1.011183671725050992e+01
1.010019914003528463e+01
1.008872158284045994e+01
1.007743941803298959e+01
1.006635429857275632e+01
1.005539665056025633e+01
1.004464364694380230e+01
1.003403127066405887e+01
1.002359778271287460e+01
1.001326557568878250e+01
1.000310468249247364e+01
9.993094460392040190e+00
9.983185099195054590e+00
9.973505344137258533e+00
9.963896976668596750e+00
9.954435729220589835e+00
9.945063513593883187e+00
9.935841332389893310e+00
9.926753356374938164e+00
9.917785566812339582e+00
9.908932800211781355e+00
9.900169562083245722e+00
9.891529953885333626e+00
9.882972650752305910e+00
9.874589707734523714e+00
9.866261383303077892e+00
9.858042406857990159e+00
9.849926348272299848e+00
9.841913030660750294e+00
9.833959663456321110e+00
9.826142570823876099e+00
9.818365968441227665e+00
9.810705828503852644e+00
9.803108497384577902e+00
9.795628053397498647e+00
9.788264953842954696e+00
9.780940752218773682e+00
9.773707851966317861e+00
9.766546437722531948e+00
9.759445447968291276e+00
9.752435207870185252e+00
9.745521272184364037e+00
9.738647922551342262e+00
9.731861626668925069e+00
9.725145086604086941e+00
9.718496742729874072e+00
9.711900598770895954e+00
9.705351856842669989e+00
9.698916867393938546e+00
9.692555828861232570e+00
9.686216100162091891e+00
9.679955595583523476e+00
9.673759151009045709e+00
9.667630173075160371e+00
9.661528031130742988e+00
9.655483996463493312e+00
9.649555357190939375e+00
9.643646402639207693e+00
9.637755469247439422e+00
9.631999279017007254e+00
9.626242708854492847e+00
9.620531692972502213e+00
9.614885129194160385e+00
