1.486571998862057740e+02
1.402519991207376222e+02
1.024989815012641117e+02
8.484563154617468683e+01
7.294973497806105911e+01
6.421134563389250616e+01
5.758551263349267657e+01
5.244316028350573333e+01
4.835099400476288167e+01
4.501697405507272265e+01
4.224233024839718809e+01
3.989165248028101729e+01
3.786799754079092395e+01
3.610297004212183936e+01
3.454583198315877013e+01
3.315901961270598264e+01
3.191176497263947809e+01
3.078198409831256654e+01
2.975236325114816438e+01
2.880795046327244791e+01
2.793757687895857345e+01
2.713098419280667883e+01
2.638311200974701620e+01
2.568593971777981366e+01
2.503388731042998572e+01
2.442231657074242435e+01
2.384767611392392439e+01
2.330786326478563453e+01
2.280020996672854139e+01
2.232182869858316820e+01
2.187101443293312286e+01
2.144717454855105032e+01
2.104866953819735542e+01
2.067354686769508021e+01
2.031930316951843807e+01
1.998579135423215192e+01
1.967176771617906184e+01
1.937413775596817800e+01
1.909313841752535268e+01
1.882906334582230201e+01
1.858155843954646258e+01
1.834980219109904453e+01
1.813239393249765286e+01
1.793134848037633589e+01
1.774560175025265352e+01
1.757320885016345002e+01
1.741483434265147423e+01
1.726849919661500010e+01
1.713302948421108240e+01
1.700833221017062158e+01
1.689420373005025411e+01
1.678711328918634038e+01
1.668757715840971656e+01
1.659327892192163745e+01
1.650380545197289095e+01
1.641911741082198972e+01
1.633919904248651989e+01
1.626339927769168980e+01
1.619034275272753831e+01
1.611982315320538817e+01
1.605110517362154354e+01
1.598390181108454655e+01
1.591940080876311114e+01
1.585664367458366364e+01
1.579594175383952148e+01
1.573652433290623875e+01
1.567915364507699927e+01
1.562311099604252540e+01
1.556878197059524993e+01
1.551625271489618818e+01
1.546525220322481964e+01
1.541556565596769701e+01
1.536770815663017586e+01
1.532110424146383565e+01
1.527613780756425932e+01
1.523263085885568380e+01
1.519047565412351020e+01
1.514978656386394285e+01
1.511042090784513015e+01
1.507212270312759728e+01
1.503502032189670068e+01
1.499918452104117961e+01
1.496449796737043592e+01
1.493073813775057701e+01
1.489812725732424070e+01
1.486649922783851885e+01
1.483594377068654424e+01
1.480627902740522117e+01
1.477762796771400566e+01
1.474963181696147707e+01
1.472265501915643249e+01
1.469654426825913340e+01
1.467116258990774647e+01
1.464659142941483161e+01
1.462265265997283770e+01
1.459949811414957033e+01
1.457721697992079157e+01
1.455561359740974225e+01
1.453458063687251389e+01
1.451419975623859848e+01
1.449430517149473729e+01
1.447524681464707186e+01
1.445668602598566821e+01
1.443874801631624472e+01
1.442134346014526258e+01
1.440446447013385267e+01
1.438841836262500173e+01
1.437272981596252563e+01
1.435738362595444606e+01
1.434281780294355002e+01
1.432863665778220863e+01
1.431490464901660786e+01
1.430171697613750403e+01
1.428883409601182208e+01
1.427647456133880155e+01
1.426470237271074204e+01
1.425344513720887818e+01
1.424230992201362334e+01
1.423176242723032026e+01
1.422148409236326216e+01
1.421177699784639614e+01
1.420221471833179905e+01
1.419315455057695807e+01
1.418468036438594915e+01
1.417633637444640726e+01
1.416833339440213280e+01
1.416075929594866523e+01
1.415341381190869718e+01
1.414646026096679243e+01
1.413987929712252090e+01
1.413357868617365121e+01
1.412758651617888539e+01
1.412189714170515842e+01
1.411645021917084364e+01
1.411148567470698012e+01
1.410656000074073901e+01
1.410194029435459129e+01
1.409758699306830110e+01
1.409362926375083092e+01
1.408993836571651315e+01
1.408636497888628192e+01
1.408339695052491436e+01
1.408033730685312968e+01
1.407754892970654126e+01
1.407520227413180791e+01
1.407294084519673127e+01
1.407079486877215757e+01
1.406919361724845885e+01
1.406757406972200997e+01
1.406621159124279430e+01
1.406522368787508448e+01
