6.280286762540785048e+02
6.274201661948907258e+02
5.834251792887979491e+02
5.309627195895230898e+02
5.129682331485811346e+02
5.092425924481247534e+02
4.895315024971343405e+02
4.658602062615832438e+02
4.364199810004678284e+02
4.265620521426598657e+02
4.245866303902694199e+02
4.221358182048799108e+02
3.998935840609771617e+02
3.902287407695097272e+02
3.824124782844509696e+02
3.751071408572646533e+02
3.642354422979055357e+02
3.488610231937941535e+02
3.126976364559628792e+02
3.092647421999764106e+02
3.002234028602816238e+02
2.918272545603302319e+02
2.867577147430253035e+02
2.770413058297719999e+02
2.764940444149140149e+02
2.476656148573944733e+02
2.336237987041507722e+02
2.312254871742205466e+02
2.295973684857076194e+02
2.158910957046126100e+02
2.105159305579120996e+02
2.080851201320498092e+02
2.060130885096442626e+02
1.911322376968686854e+02
1.850116625451199468e+02
1.771758299169410691e+02
1.748377098989063541e+02
1.728818463637449838e+02
1.608480584462231207e+02
1.456304373652521065e+02
1.389512926258655057e+02
1.384347684480119369e+02
1.359772735083982980e+02
1.316817605752023326e+02
1.297853925992190227e+02
1.284254402337973886e+02
1.263159147625352716e+02
1.207201683157706498e+02
1.204369659896277653e+02
1.194176081302100414e+02
1.022608116742326843e+02
9.934656323610158779e+01
9.621912957300938274e+01
9.112525222853237494e+01
9.080282771840576572e+01
8.673923372967692558e+01
8.462672314153262221e+01
8.383544391923612693e+01
7.702839992126126845e+01
7.606868390826194570e+01
7.543645689889541472e+01
7.232907714033589741e+01
7.004673018275670415e+01
6.950413042580181866e+01
6.453843660033626861e+01
6.243050166789511479e+01
5.765073280429785996e+01
5.171608516105845155e+01
4.554713438794009761e+01
4.268469325535551206e+01
4.048211205250968447e+01
3.612771989984718601e+01
3.573222856747079135e+01
3.378462976801424134e+01
2.928703559902137954e+01
2.479258880685365796e+01
2.249983351479655624e+01
2.013430042611594573e+01
1.762898716993471737e+01
1.711313295697109993e+01
1.696348385604402509e+01
1.651522255462219135e+01
1.586413024946139494e+01
1.578284381423021365e+01
1.421467844400567238e+01
1.290433411743461001e+01
1.276665693111056221e+01
1.193484141648827901e+01
1.042637783808372198e+01
1.041832886289812521e+01
1.034378428383572412e+01
9.668126553514019506e+00
9.352465286575750270e+00
9.327639817771064656e+00
9.259346169107043778e+00
9.211454020464076464e+00
9.147528519954336801e+00
7.908855775038390767e+00
7.404801494454031463e+00
7.129090770461651516e+00
7.059353957029810722e+00
6.168461430471199769e+00
6.161783788433894848e+00
6.003160899540390893e+00
5.775279725065840530e+00
5.395491788394910948e+00
5.291544510427335091e+00
5.142289560641774671e+00
4.964534721005486873e+00
4.893419966618895778e+00
4.076612767170976426e+00
4.024356711940546560e+00
4.006886117228031452e+00
3.873453153523460646e+00
3.877809643565876652e+00
3.845396808480513240e+00
3.596046200148051764e+00
3.610799563528850786e+00
3.262260459525252454e+00
3.247535838280074305e+00
3.245272589053513457e+00
3.226614523700439108e+00
3.280292639180534486e+00
3.322362518909057982e+00
3.304884163299427247e+00
3.170610346399408641e+00
3.131929759659263901e+00
3.057572122213288779e+00
3.008370840460741658e+00
3.105581680942161249e+00
3.056847233665550334e+00
3.080182228673424394e+00
3.090507227268255441e+00
2.978110982802226303e+00
2.939493994398635124e+00
2.975079522534270993e+00
3.045050735118315810e+00
3.116034224339900405e+00
3.067669124828705129e+00
3.036963143341744331e+00
2.947074825611198268e+00
2.954632230083398703e+00
2.705350777312093946e+00
2.689269168955924716e+00
2.751342003795867797e+00
2.791337054011220342e+00
2.766629044022670403e+00
2.930303883920178265e+00
2.923566390198467868e+00
2.887098329890695148e+00
2.868194530413761711e+00
