4.437845965502583923e+00
3.177895351990481565e+00
1.114682851843950884e+00
4.577974303083154339e-01
3.750332842884643303e-01
3.679831829657248532e-01
3.243463156462507158e-01
2.854622101892589359e-01
2.758775536996579403e-01
2.297504548628629684e-01
2.043845368724503397e-01
2.042790520255046149e-01
1.880648821498079326e-01
1.791408827350814137e-01
1.743771158214236228e-01
1.622117905526721526e-01
1.602610999810046566e-01
1.615236071757841785e-01
1.580301301868597130e-01
1.538661305384537437e-01
1.527181524067864338e-01
1.590459599024417747e-01
1.590927429743812793e-01
1.593884113318038698e-01
1.615917749505713097e-01
1.533109330971835216e-01
1.595261020999026447e-01
1.563318237502709651e-01
1.578014345444404276e-01
1.571598746786329603e-01
1.575918779802302494e-01
1.515460048108710767e-01
1.504451672177646304e-01
1.513176322039576915e-01
1.512648762254861501e-01
1.540768622191328596e-01
1.547549569333116770e-01
1.490827826416135926e-01
1.498002800550932712e-01
1.485299278878010887e-01
1.500664952747282344e-01
1.489821949065476825e-01
1.455575086178815813e-01
1.465917673173006419e-01
1.440338387749785787e-01
1.481945358336954344e-01
1.450914158463252335e-01
1.475541741130854123e-01
1.463855715499668142e-01
1.458286044624196864e-01
1.455655469271052438e-01
1.458223881806245958e-01
1.458400102096049089e-01
1.445561994490186797e-01
1.446276301455635682e-01
1.453507665509166935e-01
1.458573770941986036e-01
1.445673450269957527e-01
1.446921473470038910e-01
1.461385680697384615e-01
1.475080460165432150e-01
1.468580446341137546e-01
1.456594546112998378e-01
1.441432215048925047e-01
1.454325980647138417e-01
1.444717183352980661e-01
1.440501907334788834e-01
1.457844032863666039e-01
1.449118850340218034e-01
1.440291742348302206e-01
1.453629422383266312e-01
1.452580706673614053e-01
1.445551110735050493e-01
1.450861968811319735e-01
1.443900027177937306e-01
1.440947632636094267e-01
1.458838825147828477e-01
1.459786728125977429e-01
1.446571243934135498e-01
1.459004031607566421e-01
1.452829870737747942e-01
1.452976591013561136e-01
1.462083073766376751e-01
1.456500043012097234e-01
1.460786785595922233e-01
1.458559550785211434e-01
1.458272889851112697e-01
1.445469639173939669e-01
1.455262020412170787e-01
1.454964029022667305e-01
1.451796324695461549e-01
1.452411331097240854e-01
1.451717581036010007e-01
1.453702540455190650e-01
1.466132215065238387e-01
1.454921383470201002e-01
1.456078761189679993e-01
1.455894812262449045e-01
1.451331259888261616e-01
1.452326369086888447e-01
1.461747099457041676e-01
1.460191394122957453e-01
1.452502086946592108e-01
1.459472810947000099e-01
1.456672092014799635e-01
1.458866457360453173e-01
1.466356366868039329e-01
1.466339604504973693e-01
1.466560656169867138e-01
1.473041438766697075e-01
1.470534427362812369e-01
1.473965799194631998e-01
1.471903553662935182e-01
1.472584779477213723e-01
1.474441847578422116e-01
1.472572452868440851e-01
1.478625880033281881e-01
1.477663585281263070e-01
1.479020409281655013e-01
1.480427371066771747e-01
1.483244394095137864e-01
1.485865745038071617e-01
1.488937173774949052e-01
1.490735478833503380e-01
1.495017646911362408e-01
1.494262432105329386e-01
1.498180860262830483e-01
1.496336712979084160e-01
1.493848386724510036e-01
1.496386156717168237e-01
1.497785256637874929e-01
1.500766060971451543e-01
1.502465976889409416e-01
1.505785326916521671e-01
1.502597064470720112e-01
1.512635832806486502e-01
1.506092418965815638e-01
1.505908050339824500e-01
1.511271251126962700e-01
1.513720590826475865e-01
1.514910721636789914e-01
1.510621021300350419e-01
1.510835845894306639e-01
1.511931857789185207e-01
1.515720803579022891e-01
1.513672194425309259e-01
1.517223802746737182e-01
1.518537314265694660e-01
1.518974036831399199e-01
1.519941529833378213e-01
1.521923783790287976e-01
