1.332066400475629962e+03
1.040362784817481042e+03
8.454042057725596351e+02
7.191326565263689190e+02
6.509469742210491177e+02
6.259287480837215298e+02
6.188602238887197018e+02
6.144948402376553531e+02
6.106726891972990643e+02
6.072132606790197542e+02
6.040421904606992030e+02
6.011134127760877846e+02
5.983882084788843940e+02
5.958402159074645397e+02
5.934382617118864118e+02
5.911663901238323433e+02
5.890206129958942256e+02
5.869806844935416166e+02
5.850286955837594860e+02
5.831674665043381083e+02
5.813845860399503636e+02
5.796710002475432475e+02
5.780252182554747833e+02
5.764406664209886912e+02
5.749170511724922790e+02
5.734437992070505743e+02
5.720185111981493264e+02
5.706398309201575785e+02
5.693044545568723152e+02
5.680039715888590308e+02
5.667451833784824657e+02
5.655234255188162251e+02
5.643340400757945190e+02
5.631747056003951002e+02
5.620431350033721856e+02
5.609404459739624826e+02
5.598688695945033942e+02
5.588193258707100313e+02
5.578018116969896028e+02
5.568062264528466585e+02
5.558287557287472964e+02
5.548780040499577808e+02
5.539453133780860981e+02
5.530334224367538809e+02
5.521411870777136528e+02
5.512641870324549700e+02
5.504058853469718997e+02
5.495638545739051324e+02
5.487408588002803072e+02
5.479295072646441440e+02
5.471378248649029956e+02
5.463588927926830365e+02
5.455990353041638627e+02
5.448514225749280513e+02
5.441124083980616888e+02
5.433874861746825218e+02
5.426735826877824138e+02
5.419765081260458146e+02
5.412900609621700596e+02
5.406228816104412545e+02
5.399571020909901335e+02
5.393046195671794294e+02
5.386623718578867965e+02
5.380277220346249578e+02
5.374029466766319274e+02
5.367880279216140025e+02
5.361828036030706244e+02
5.355910141476782655e+02
5.350046025239493019e+02
5.344277988123112664e+02
5.338609058792575297e+02
5.333002523853539287e+02
5.327442833003567557e+02
5.322020621949309316e+02
5.316633796194062143e+02
5.311332717087035462e+02
5.306136009457727596e+02
5.300978128902677327e+02
5.295855640515198957e+02
5.290821943284435065e+02
5.285872861349631648e+02
5.280915328013841190e+02
5.276095517291525994e+02
5.271338182161007353e+02
5.266610453853000990e+02
5.261946482198361537e+02
5.257326933898881407e+02
5.252783950478461747e+02
5.248317172311587910e+02
5.243848975845938867e+02
5.239456779191669966e+02
5.235148131707630910e+02
5.230864243632037187e+02
5.226665819734396337e+02
5.222538278296863155e+02
5.218438309839814337e+02
5.214392593104306570e+02
5.210382446169013519e+02
5.206437179395992416e+02
5.202510647466317550e+02
5.198681794443840545e+02
5.194828861384764878e+02
5.191047231118823220e+02
5.187298842380245105e+02
5.183594567067260641e+02
5.179939210355138357e+02
5.176306943418311448e+02
5.172735860131178924e+02
5.169186676730798808e+02
5.165678592601592527e+02
5.162225272027818619e+02
5.158783385454498784e+02
5.155362880814038817e+02
5.151970514861617403e+02
5.148698232719199268e+02
5.145423667608283722e+02
5.142160845405280725e+02
5.138977465278592263e+02
5.135799736277263037e+02
5.132661530872678668e+02
5.129547966836337309e+02
5.126486649865845493e+02
5.123443958934194598e+02
5.120436300271644541e+02
5.117472402672023009e+02
5.114550508122204633e+02
5.111645886388489544e+02
5.108774193744253012e+02
5.105928143794532730e+02
5.103133089667902027e+02
5.100325823403029517e+02
5.097561369029962748e+02
5.094807205712643281e+02
5.092101767817809446e+02
5.089432403043359727e+02
5.086769095442655839e+02
5.084166184426392761e+02
5.081562696783977913e+02
5.078979065963747530e+02
5.076452390159315087e+02
5.073912867328585889e+02
5.071407883589188259e+02
5.068949102892614746e+02
5.066500630589137018e+02
5.064040920890729467e+02
5.061655077993104896e+02
5.059266608712202355e+02
5.056904416884502780e+02
5.054558808087670059e+02
5.052207300227203177e+02
