6.371106075962154591e+02
6.219473775486223985e+02
4.515873368966867929e+02
2.333738964375402247e+02
2.035713292273149477e+02
1.953150459422682843e+02
1.478760833399373951e+02
1.158613926781566761e+02
1.134225551709580486e+02
9.069096836833554676e+01
5.994706427434103091e+01
4.885513149553194978e+01
4.072847494417020187e+01
2.535263453191618055e+01
2.316154915270682935e+01
1.842218705587606209e+01
1.649068430320269130e+01
1.491633729416050969e+01
1.451466472250955952e+01
6.358761630744962368e+00
6.102099286245704413e+00
4.010509272695720995e+00
2.290034845304965927e+00
2.260028415946643054e+00
2.178728657088903287e+00
1.211726352204142820e+00
1.122507007152661718e+00
1.048992403434982457e+00
9.849593950085516747e-01
8.954937653836116951e-01
8.889073754938244809e-01
8.081413679684901208e-01
7.895929583994699685e-01
7.529302297998063942e-01
7.182367980091862725e-01
4.982361964338973270e-01
3.105389007444775973e-01
2.082755687695432290e-01
1.985393078851278303e-01
1.873273556616856517e-01
1.724722143165257071e-01
1.708681787178543687e-01
1.399839094560227371e-01
1.385475591978215792e-01
1.300537627660042495e-01
1.317836242768458122e-01
1.080426630760049217e-01
1.117293150071431845e-01
8.710229275864009302e-02
8.397808699056334703e-02
8.034110842200715974e-02
8.059731084592861028e-02
8.078016674157610655e-02
7.750166318679219124e-02
7.708366956738903208e-02
7.672798831168811673e-02
7.573267605934121127e-02
7.215563778977392151e-02
6.869644061309079786e-02
6.966420921677739242e-02
7.219105683242699190e-02
7.260931848159780932e-02
6.359094798022610351e-02
5.801734812380434508e-02
5.490359132490578442e-02
4.841600772819719400e-02
3.882240475106139843e-02
3.764701337672356207e-02
3.732032127915461961e-02
3.498046690254477675e-02
3.723175735487121996e-02
3.420375286171047774e-02
3.308966528385712258e-02
3.260656580753337058e-02
3.062024259069081461e-02
3.068511047596265279e-02
3.036541506815658084e-02
2.877474832288912099e-02
2.499165965752840265e-02
2.553424730357694433e-02
2.407548977895857673e-02
2.477769078125327193e-02
2.615512490762341574e-02
2.485328743432249979e-02
2.394922120817541758e-02
2.388208570282967028e-02
2.215442848177730240e-02
1.864439985323724722e-02
1.922218486303500437e-02
1.861364055728910449e-02
1.722986487544855838e-02
1.651182892593849871e-02
1.592229765611487616e-02
1.505914654411500200e-02
1.761319553635925378e-02
1.522725260769994607e-02
1.282429219178731275e-02
1.166337673233162030e-02
1.077354899630771599e-02
1.004133178475670983e-02
1.032860774262678479e-02
1.039824963183242842e-02
8.626104175309349392e-03
9.609006373872897716e-03
8.442950388282874016e-03
8.290631847237484725e-03
9.202927904395152153e-03
8.187340633786042293e-03
7.393647753054223733e-03
5.353665391302379895e-03
5.948838413958611876e-03
6.840425175559945725e-03
5.258383377462335848e-03
4.964018991424838656e-03
5.057896423887974294e-03
4.384381255807057523e-03
5.233759376117327541e-03
5.750682759218092924e-03
5.920806637765858166e-03
4.394257691272472795e-03
4.609327140154347198e-03
4.591303671683154980e-03
4.223450115613909192e-03
4.105258332590602278e-03
4.772031667136696076e-03
4.903199398616267177e-03
5.919436410342005309e-03
5.210919141054390011e-03
4.068207600014890103e-03
3.325209095551305560e-03
3.703089124029614824e-03
3.863882838142796393e-03
4.788349560938758888e-03
4.753136128646914121e-03
3.783523857622635676e-03
4.972103222709104049e-03
3.883216271574534660e-03
4.320383630908976660e-03
4.031259544750379932e-03
3.549208551564128448e-03
3.494382481279730782e-03
3.029339065449138547e-03
3.147019274642022697e-03
2.865440494399450547e-03
2.034286098255792992e-03
1.739682481956763768e-03
1.662742251579459778e-03
7.499349216882389207e-04
7.167054990976903578e-04
6.471962108623468450e-04
5.919444857650396933e-04
