6.869999999999999718e-02
1.449000000000000010e-01
1.801000000000000101e-01
2.265999999999999959e-01
2.989999999999999880e-01
3.398999999999999799e-01
3.839000000000000190e-01
4.203999999999999959e-01
4.420000000000000040e-01
4.593999999999999750e-01
5.052999999999999714e-01
5.372000000000000108e-01
5.590000000000000524e-01
5.778999999999999693e-01
5.985000000000000320e-01
6.088999999999999968e-01
6.267000000000000348e-01
6.362999999999999767e-01
6.504999999999999671e-01
6.621000000000000218e-01
6.730000000000000426e-01
6.847999999999999643e-01
6.945000000000000062e-01
7.013000000000000345e-01
7.129999999999999671e-01
7.204000000000000403e-01
7.236000000000000210e-01
7.328999999999999959e-01
7.358999999999999986e-01
7.419000000000000039e-01
7.469999999999999973e-01
7.483999999999999542e-01
7.475000000000000533e-01
7.580999999999999961e-01
7.612999999999999767e-01
7.659000000000000252e-01
7.685999999999999499e-01
7.731000000000000094e-01
7.695999999999999508e-01
7.791000000000000147e-01
7.761000000000000121e-01
7.832999999999999963e-01
7.826999999999999513e-01
7.874999999999999778e-01
7.883999999999999897e-01
7.927999999999999492e-01
7.926999999999999602e-01
7.959000000000000519e-01
7.969000000000000528e-01
7.995999999999999774e-01
8.008999999999999453e-01
8.028999999999999471e-01
8.048999999999999488e-01
8.072000000000000286e-01
8.077999999999999625e-01
8.094999999999999973e-01
8.120000000000000551e-01
8.139999999999999458e-01
8.155999999999999917e-01
8.156999999999999806e-01
8.176999999999999824e-01
8.194000000000000172e-01
8.209999999999999520e-01
8.214000000000000190e-01
8.225000000000000089e-01
8.224000000000000199e-01
8.241000000000000547e-01
8.253000000000000336e-01
8.266999999999999904e-01
8.268999999999999684e-01
8.288999999999999702e-01
8.286000000000000032e-01
8.285000000000000142e-01
8.302000000000000490e-01
8.302000000000000490e-01
8.308999999999999719e-01
8.330999999999999517e-01
8.325000000000000178e-01
8.339999999999999636e-01
8.346999999999999975e-01
8.357999999999999874e-01
8.358999999999999764e-01
8.366999999999999993e-01
8.370999999999999552e-01
8.375000000000000222e-01
8.380999999999999561e-01
8.395000000000000240e-01
8.394000000000000350e-01
8.396000000000000130e-01
8.407999999999999918e-01
8.415000000000000258e-01
8.416000000000000147e-01
8.425000000000000266e-01
8.430999999999999606e-01
8.437000000000000055e-01
8.444000000000000394e-01
8.439999999999999725e-01
8.447999999999999954e-01
8.447999999999999954e-01
8.464000000000000412e-01
8.477000000000000091e-01
8.483000000000000540e-01
8.483000000000000540e-01
8.491999999999999549e-01
8.476000000000000201e-01
8.497999999999999998e-01
8.507000000000000117e-01
8.509999999999999787e-01
8.515000000000000346e-01
8.515000000000000346e-01
8.518999999999999906e-01
8.520999999999999686e-01
8.522999999999999465e-01
8.530999999999999694e-01
8.539999999999999813e-01
8.535000000000000364e-01
8.537000000000000144e-01
8.546000000000000263e-01
8.544000000000000483e-01
8.550999999999999712e-01
8.556000000000000272e-01
8.561999999999999611e-01
8.568000000000000060e-01
8.568999999999999950e-01
8.568999999999999950e-01
8.576000000000000290e-01
8.579999999999999849e-01
8.585000000000000409e-01
8.579999999999999849e-01
8.586000000000000298e-01
8.596000000000000307e-01
8.599999999999999867e-01
8.598999999999999977e-01
8.604000000000000536e-01
8.604000000000000536e-01
8.609999999999999876e-01
8.609999999999999876e-01
8.616000000000000325e-01
8.616000000000000325e-01
8.617000000000000215e-01
8.620999999999999774e-01
8.624000000000000554e-01
8.629999999999999893e-01
8.625000000000000444e-01
8.631999999999999673e-01
8.635000000000000453e-01
8.641999999999999682e-01
8.645000000000000462e-01
8.645000000000000462e-01
8.652999999999999581e-01
8.652999999999999581e-01
