4.328067756907273633e+00
2.069070445145155368e+00
5.307481773875181164e-01
2.750865425676669584e-01
2.369512606742053829e-01
2.456985137426512811e-01
2.100628976329745323e-01
1.908875518842488295e-01
1.763863928584994134e-01
1.760262082007823525e-01
1.767774270621828292e-01
1.795713257283780839e-01
1.691367572130543229e-01
1.589297704056645000e-01
1.708028906831726978e-01
1.616866706514839824e-01
1.593712231093930010e-01
1.587187218274548339e-01
1.460170388855056567e-01
1.369003959219122768e-01
1.470427468525394854e-01
1.358508373985330975e-01
1.381203747571924378e-01
1.388171940670370197e-01
1.395987461709596311e-01
1.290902012156185108e-01
1.285911861099779674e-01
1.255539383529035991e-01
1.257973990804722997e-01
1.234837818397030440e-01
1.198733001988586677e-01
1.192599113124798299e-01
1.248134701882497727e-01
1.187611256215528460e-01
1.122773233711279045e-01
1.248189563188129431e-01
1.172220164157648237e-01
1.203512332064253371e-01
1.190000656099585580e-01
1.093896121945004268e-01
1.048584637358204175e-01
1.046565656445388737e-01
1.076766525812822561e-01
1.041141786589660223e-01
1.025903735583254678e-01
1.070874328119348490e-01
1.024336436532414796e-01
1.086750580194525695e-01
1.100590266717268451e-01
1.035226240465519920e-01
1.065998346278443226e-01
9.883228735580211477e-02
9.607645375226411821e-02
9.647648296355562647e-02
9.681679840442640461e-02
9.836752291079570165e-02
9.592275268545108480e-02
9.569105866634287916e-02
9.299300801258013338e-02
9.035568852515118987e-02
8.977690726922361864e-02
8.934890615583299112e-02
9.290566856814798380e-02
9.103093904614127652e-02
8.813182925804589896e-02
8.837520463086441513e-02
8.736985268768236723e-02
9.411785208019934901e-02
8.564286380668463539e-02
8.715921810460024177e-02
8.295527712760425443e-02
8.102087752150864686e-02
8.578765953570374747e-02
8.197062510015327985e-02
8.166273823773061158e-02
7.999198294745796245e-02
7.807890383818757996e-02
7.802448013504580115e-02
7.887776990505024344e-02
7.759680949844423303e-02
7.741359659326263465e-02
7.700944123219137516e-02
7.853312981260032744e-02
7.839892701713352396e-02
7.902324554080834840e-02
7.554122234718896323e-02
7.657857359474241898e-02
7.612030064814141739e-02
7.542686373001288025e-02
7.553718599579042903e-02
7.544515573822557775e-02
7.707192295648475355e-02
7.651593153932104152e-02
7.570610389903542625e-02
7.704136821768742260e-02
7.816790400175413489e-02
7.532013226560224650e-02
7.568780803447544558e-02
7.551425507393801084e-02
7.836166639365493847e-02
7.730707799646985290e-02
7.609565004913015906e-02
7.619983784294631635e-02
7.684607620083490354e-02
7.784735794586801483e-02
8.073640079886772181e-02
7.800013305240781347e-02
7.629951597581566269e-02
7.861441643110929356e-02
7.633432171442322556e-02
7.756495371714812459e-02
7.978183380417426529e-02
7.880238731057388757e-02
8.006348496943190007e-02
7.895996658132205248e-02
8.035237259096753015e-02
8.078056572988209783e-02
8.057291485941227294e-02
8.028717131968442222e-02
8.017416612032292333e-02
7.935930421121632772e-02
7.967695191584389658e-02
7.913151229494452821e-02
7.970869679981092137e-02
7.928926978156994321e-02
8.006871709668281212e-02
8.025667683533541097e-02
8.014057642732880238e-02
8.127721095654920347e-02
8.042319275514657473e-02
8.027502631521273024e-02
8.035265691042255132e-02
8.240633082828509315e-02
8.166671894512561591e-02
8.109616057813624768e-02
8.107330837656143152e-02
8.058466858243491793e-02
8.207079771291773962e-02
8.053755373629158110e-02
8.107762160746809221e-02
8.101684719666522871e-02
8.128693748578293132e-02
8.139972865720267181e-02
8.164618538736689857e-02
8.140945660087844926e-02
8.271216087527044625e-02
8.053936343585434143e-02
8.183272459983732816e-02
8.163095479098878005e-02
8.124914061719387681e-02
8.155990504855886725e-02
