6.371106075962154591e+02
3.387588236468795687e+06
1.121554048442709493e+06
1.121546780616363976e+06
1.121556339845262235e+06
1.121561365354620153e+06
1.121562013000386301e+06
1.121562062602187740e+06
1.121561523830140010e+06
1.121561601460070582e+06
1.121561737588385353e+06
1.121562086282478645e+06
1.121561700871544424e+06
1.121561656460253056e+06
1.121561714357242454e+06
1.121561678730632877e+06
1.121561660503178602e+06
1.121561663742558099e+06
1.121561639337735251e+06
1.121561647231664043e+06
1.121561641204927349e+06
1.121561643526002532e+06
1.121561639798188582e+06
1.121561645488370210e+06
1.121561646418259246e+06
1.121561639612306608e+06
1.121561642307705479e+06
1.121561640987069346e+06
1.121561653430606239e+06
1.121561651464872761e+06
1.121561638643716462e+06
1.121561642683139304e+06
1.121561652082942892e+06
1.121561640243344940e+06
1.121561654764048755e+06
1.121561638460834278e+06
1.121561645141135436e+06
1.121561638770218007e+06
1.121561636995783774e+06
1.121561640198247507e+06
1.121561652816327987e+06
1.121561640579601284e+06
1.121561665025691967e+06
1.121561635839485098e+06
1.121561647043094505e+06
1.121561646997157484e+06
1.121561647548408248e+06
1.121561657353111310e+06
1.121561638604908250e+06
1.121561639358918415e+06
1.121561641862962861e+06
1.121561636179564521e+06
1.121561635857251706e+06
1.121561658514265437e+06
1.121561641514120158e+06
1.121561640067109372e+06
1.121561638459397247e+06
1.121561637573854765e+06
1.121561640921826242e+06
1.121561690256134374e+06
1.121561639033433516e+06
1.121561638199174311e+06
1.121561644653829280e+06
1.121561657324226107e+06
1.121561642708274536e+06
1.121561667921685381e+06
1.121561709165895823e+06
1.121561636680893134e+06
1.121561647681279108e+06
1.121561639190086396e+06
1.121561642325160094e+06
1.121561641973471735e+06
1.121561647207975853e+06
1.121561640944653424e+06
1.121561638631366659e+06
1.121561657922915649e+06
1.121561635241806507e+06
1.121561638549117837e+06
1.121561644587006420e+06
1.121561666980080539e+06
1.121561638133250410e+06
1.121561641488446156e+06
1.121561644498267677e+06
1.121561666568098590e+06
1.121561636527314782e+06
1.121561635612137383e+06
1.121561637380248634e+06
1.121561641912218649e+06
1.121561653036183212e+06
1.121561641158534680e+06
1.121561645844975952e+06
1.121561650797099574e+06
1.121561672063345322e+06
1.121561638298058882e+06
1.121561636363471160e+06
1.121561642900455277e+06
1.121561642287563533e+06
1.121561642989636632e+06
1.121561652918377658e+06
1.121561643023628043e+06
1.121561636900575366e+06
1.121561641930865590e+06
1.121561636535782833e+06
1.121561639326003613e+06
1.121561637641336303e+06
1.121561637479303870e+06
1.121561639502894832e+06
1.121561645838158904e+06
1.121561640769134741e+06
1.121561642882060958e+06
1.121561643201326719e+06
1.121561641854817048e+06
1.121561660853272770e+06
1.121561644637063146e+06
1.121561639536857139e+06
1.121561635762530146e+06
1.121561651037435979e+06
1.121561642247530166e+06
1.121561652046127943e+06
1.121561635739956517e+06
1.121561636998836417e+06
1.121561649624905083e+06
1.121561636312760413e+06
1.121561671724668471e+06
1.121561646917497739e+06
1.121561639540363802e+06
1.121561638373022899e+06
1.121561642432602355e+06
1.121561636548804585e+06
1.121561650004800875e+06
1.121561638121408643e+06
1.121561641009832965e+06
1.121561641101037851e+06
1.121561696345417295e+06
1.121561676290387288e+06
1.121561636321024038e+06
1.121561637105955509e+06
1.121561636969907675e+06
1.121561647754621692e+06
1.121561637039199006e+06
1.121561642368111294e+06
1.121561639270784799e+06
1.121561636772683589e+06
1.121561646225359756e+06
1.121561639576411340e+06
1.121561637293603737e+06
1.121561639455676544e+06
1.121561635968761984e+06
1.121561638931953814e+06
1.121561637668870622e+06
1.121561645828570938e+06
