1.044999999999999957e-01
3.855000000000000093e-01
8.186999999999999833e-01
8.293000000000000371e-01
8.325000000000000178e-01
8.362000000000000544e-01
8.387999999999999901e-01
8.411999999999999478e-01
8.427000000000000046e-01
8.447000000000000064e-01
8.457999999999999963e-01
8.470999999999999641e-01
8.491999999999999549e-01
8.514000000000000457e-01
8.531999999999999584e-01
8.551999999999999602e-01
8.559999999999999831e-01
8.574000000000000510e-01
8.582999999999999519e-01
8.598999999999999977e-01
8.610999999999999766e-01
8.624000000000000554e-01
8.637000000000000233e-01
8.645000000000000462e-01
8.652999999999999581e-01
8.672999999999999599e-01
8.685000000000000497e-01
8.692999999999999616e-01
8.710999999999999854e-01
8.721999999999999753e-01
8.729000000000000092e-01
8.736000000000000432e-01
8.741999999999999771e-01
8.750999999999999890e-01
8.760000000000000009e-01
8.763999999999999568e-01
8.773999999999999577e-01
8.774999999999999467e-01
8.783999999999999586e-01
8.789000000000000146e-01
8.797000000000000375e-01
8.794999999999999485e-01
8.800999999999999934e-01
8.801999999999999824e-01
8.806000000000000494e-01
8.804999999999999494e-01
8.809000000000000163e-01
8.814999999999999503e-01
8.820999999999999952e-01
8.823999999999999622e-01
8.828000000000000291e-01
8.832999999999999741e-01
8.834999999999999520e-01
8.836000000000000520e-01
8.838000000000000300e-01
8.837000000000000410e-01
8.836000000000000520e-01
8.839000000000000190e-01
8.840000000000000080e-01
8.843999999999999639e-01
8.844999999999999529e-01
8.846000000000000529e-01
8.847000000000000419e-01
8.850999999999999979e-01
8.850999999999999979e-01
8.850999999999999979e-01
8.852999999999999758e-01
8.857000000000000428e-01
8.859000000000000208e-01
8.860999999999999988e-01
8.861999999999999877e-01
8.861999999999999877e-01
8.864999999999999547e-01
8.864999999999999547e-01
8.867000000000000437e-01
8.868000000000000327e-01
8.867000000000000437e-01
8.870000000000000107e-01
8.871999999999999886e-01
8.875999999999999446e-01
8.875999999999999446e-01
8.878000000000000336e-01
8.881000000000000005e-01
8.880000000000000115e-01
8.880000000000000115e-01
8.879000000000000226e-01
8.880000000000000115e-01
8.880000000000000115e-01
8.881000000000000005e-01
8.881999999999999895e-01
8.883999999999999675e-01
8.883999999999999675e-01
8.885999999999999455e-01
8.884999999999999565e-01
8.887000000000000455e-01
8.889000000000000234e-01
8.889000000000000234e-01
8.888000000000000345e-01
8.888000000000000345e-01
8.889000000000000234e-01
8.890000000000000124e-01
8.888000000000000345e-01
8.885999999999999455e-01
8.885999999999999455e-01
8.887000000000000455e-01
8.887000000000000455e-01
8.887000000000000455e-01
8.888000000000000345e-01
8.889000000000000234e-01
8.889000000000000234e-01
8.890000000000000124e-01
8.891999999999999904e-01
8.893999999999999684e-01
8.894999999999999574e-01
8.895999999999999464e-01
8.895999999999999464e-01
8.895999999999999464e-01
8.897000000000000464e-01
8.898000000000000353e-01
8.898000000000000353e-01
8.900000000000000133e-01
8.901000000000000023e-01
8.901999999999999913e-01
8.903999999999999693e-01
8.904999999999999583e-01
8.907000000000000473e-01
8.907000000000000473e-01
8.907000000000000473e-01
8.907000000000000473e-01
8.907000000000000473e-01
8.909000000000000252e-01
8.909000000000000252e-01
8.911000000000000032e-01
8.911999999999999922e-01
8.912999999999999812e-01
8.912999999999999812e-01
8.914999999999999591e-01
8.915999999999999481e-01
8.915999999999999481e-01
8.915999999999999481e-01
8.915999999999999481e-01
8.915999999999999481e-01
8.917000000000000481e-01
8.921999999999999931e-01
8.920000000000000151e-01
8.921000000000000041e-01
8.921999999999999931e-01
8.921000000000000041e-01
8.921999999999999931e-01
8.922999999999999821e-01
8.922999999999999821e-01
