6.869999999999999718e-02
2.298999999999999932e-01
4.521000000000000019e-01
5.567999999999999616e-01
6.294999999999999485e-01
6.837999999999999634e-01
7.105000000000000204e-01
7.219999999999999751e-01
7.476000000000000423e-01
7.548000000000000265e-01
7.745999999999999552e-01
7.711000000000000076e-01
7.842000000000000082e-01
7.794999999999999707e-01
7.940000000000000391e-01
7.900000000000000355e-01
8.032000000000000250e-01
7.987999999999999545e-01
8.071000000000000396e-01
8.046999999999999709e-01
8.102000000000000313e-01
8.098999999999999533e-01
8.153000000000000247e-01
8.175999999999999934e-01
8.199999999999999512e-01
8.223000000000000309e-01
8.257999999999999785e-01
8.257999999999999785e-01
8.306999999999999940e-01
8.302000000000000490e-01
8.353000000000000425e-01
8.346000000000000085e-01
8.387999999999999901e-01
8.379999999999999671e-01
8.433000000000000496e-01
8.408999999999999808e-01
8.459999999999999742e-01
8.440999999999999615e-01
8.497000000000000108e-01
8.477999999999999980e-01
8.528000000000000025e-01
8.507000000000000117e-01
8.550999999999999712e-01
8.530999999999999694e-01
8.568000000000000060e-01
8.557000000000000162e-01
8.578999999999999959e-01
8.572999999999999510e-01
8.611999999999999655e-01
8.598000000000000087e-01
8.631999999999999673e-01
8.618999999999999995e-01
8.653999999999999471e-01
8.643999999999999462e-01
8.672999999999999599e-01
8.659999999999999920e-01
8.687000000000000277e-01
8.672999999999999599e-01
8.695000000000000506e-01
8.696000000000000396e-01
8.707000000000000295e-01
8.709000000000000075e-01
8.719000000000000083e-01
8.722999999999999643e-01
8.732999999999999652e-01
8.735000000000000542e-01
8.752999999999999670e-01
8.748000000000000220e-01
8.762999999999999678e-01
8.760000000000000009e-01
8.770000000000000018e-01
8.770999999999999908e-01
8.782999999999999696e-01
8.789000000000000146e-01
8.791999999999999815e-01
8.798000000000000265e-01
8.798000000000000265e-01
8.806000000000000494e-01
8.804999999999999494e-01
8.811999999999999833e-01
8.814999999999999503e-01
8.821999999999999842e-01
8.820999999999999952e-01
8.826000000000000512e-01
8.837000000000000410e-01
8.838000000000000300e-01
8.840000000000000080e-01
8.841999999999999860e-01
8.851999999999999869e-01
8.850000000000000089e-01
8.853999999999999648e-01
8.861999999999999877e-01
8.862999999999999767e-01
8.870000000000000107e-01
8.870999999999999996e-01
8.874999999999999556e-01
8.878000000000000336e-01
8.874999999999999556e-01
8.881999999999999895e-01
8.883999999999999675e-01
8.889000000000000234e-01
8.890000000000000124e-01
8.893999999999999684e-01
8.891999999999999904e-01
8.895999999999999464e-01
8.898000000000000353e-01
8.898000000000000353e-01
8.899000000000000243e-01
8.903999999999999693e-01
8.904999999999999583e-01
8.905999999999999472e-01
8.911999999999999922e-01
8.912999999999999812e-01
8.911000000000000032e-01
8.913999999999999702e-01
8.922999999999999821e-01
8.917000000000000481e-01
8.924999999999999600e-01
8.922999999999999821e-01
8.929000000000000270e-01
8.928000000000000380e-01
8.931999999999999940e-01
8.928000000000000380e-01
8.933999999999999719e-01
8.934999999999999609e-01
8.938000000000000389e-01
8.934999999999999609e-01
8.937000000000000499e-01
8.938000000000000389e-01
8.938000000000000389e-01
8.939000000000000279e-01
8.940000000000000169e-01
8.941999999999999948e-01
8.943999999999999728e-01
8.948000000000000398e-01
8.948000000000000398e-01
8.951000000000000068e-01
8.950000000000000178e-01
8.951999999999999957e-01
8.951000000000000068e-01
8.951000000000000068e-01
8.952999999999999847e-01
8.954999999999999627e-01
8.957000000000000517e-01
8.959000000000000297e-01
8.961000000000000076e-01
8.962999999999999856e-01
8.962999999999999856e-01
8.963999999999999746e-01
8.963999999999999746e-01
8.964999999999999636e-01
