9.120000000000000329e-02
1.004000000000000031e-01
7.953000000000000069e-01
8.175999999999999934e-01
8.373000000000000442e-01
8.643999999999999462e-01
8.656000000000000361e-01
8.641999999999999682e-01
8.639000000000000012e-01
8.708000000000000185e-01
8.759000000000000119e-01
8.783999999999999586e-01
8.771999999999999797e-01
8.836000000000000520e-01
8.864999999999999547e-01
8.830000000000000071e-01
8.867000000000000437e-01
8.853999999999999648e-01
8.874999999999999556e-01
8.870999999999999996e-01
8.903999999999999693e-01
8.909000000000000252e-01
8.931000000000000050e-01
8.924999999999999600e-01
8.934999999999999609e-01
8.912999999999999812e-01
8.927000000000000490e-01
8.941999999999999948e-01
8.937000000000000499e-01
8.947000000000000508e-01
8.947000000000000508e-01
8.948000000000000398e-01
8.957000000000000517e-01
8.963999999999999746e-01
8.958000000000000407e-01
8.975999999999999535e-01
8.964999999999999636e-01
8.974999999999999645e-01
8.990000000000000213e-01
8.983999999999999764e-01
9.016999999999999460e-01
9.012000000000000011e-01
9.029000000000000359e-01
9.024999999999999689e-01
9.038000000000000478e-01
9.032999999999999918e-01
9.041000000000000147e-01
9.031000000000000139e-01
9.052999999999999936e-01
9.058000000000000496e-01
9.060000000000000275e-01
9.058000000000000496e-01
9.059000000000000385e-01
9.074999999999999734e-01
9.072000000000000064e-01
9.068000000000000504e-01
9.074999999999999734e-01
9.071000000000000174e-01
9.079000000000000403e-01
9.074999999999999734e-01
9.090000000000000302e-01
9.085999999999999632e-01
9.083999999999999853e-01
9.086999999999999522e-01
9.095999999999999641e-01
9.094999999999999751e-01
9.085999999999999632e-01
9.099000000000000421e-01
9.089000000000000412e-01
9.090000000000000302e-01
9.094999999999999751e-01
9.110000000000000320e-01
9.103999999999999870e-01
9.106999999999999540e-01
9.100000000000000311e-01
9.102000000000000091e-01
9.112999999999999989e-01
9.102999999999999980e-01
9.113999999999999879e-01
9.114999999999999769e-01
9.122000000000000108e-01
9.120000000000000329e-01
9.116999999999999549e-01
9.113999999999999879e-01
9.113999999999999879e-01
9.125999999999999668e-01
9.127999999999999448e-01
9.122000000000000108e-01
9.124999999999999778e-01
9.133000000000000007e-01
9.133999999999999897e-01
9.133999999999999897e-01
9.131000000000000227e-01
9.133999999999999897e-01
9.131000000000000227e-01
9.131000000000000227e-01
9.130000000000000338e-01
9.134999999999999787e-01
9.133000000000000007e-01
9.124999999999999778e-01
9.125999999999999668e-01
9.124999999999999778e-01
9.131000000000000227e-01
9.145999999999999686e-01
9.139000000000000457e-01
9.149000000000000465e-01
9.144999999999999796e-01
9.146999999999999575e-01
9.151000000000000245e-01
9.142000000000000126e-01
9.145999999999999686e-01
9.145999999999999686e-01
9.147999999999999465e-01
9.149000000000000465e-01
9.143999999999999906e-01
9.151000000000000245e-01
9.149000000000000465e-01
9.145999999999999686e-01
9.147999999999999465e-01
9.149000000000000465e-01
9.149000000000000465e-01
9.141000000000000236e-01
9.152000000000000135e-01
9.150000000000000355e-01
9.144999999999999796e-01
9.152000000000000135e-01
9.152000000000000135e-01
9.157999999999999474e-01
9.156999999999999584e-01
9.153999999999999915e-01
9.162000000000000144e-01
9.154999999999999805e-01
9.159000000000000474e-01
9.162000000000000144e-01
9.164999999999999813e-01
9.161000000000000254e-01
9.159000000000000474e-01
9.161000000000000254e-01
9.160000000000000364e-01
9.160000000000000364e-01
9.160000000000000364e-01
9.160000000000000364e-01
9.160000000000000364e-01
9.161000000000000254e-01
9.154999999999999805e-01
9.157999999999999474e-01
9.162000000000000144e-01
9.157999999999999474e-01
9.156999999999999584e-01
9.157999999999999474e-01
9.164999999999999813e-01
