1.377391177764568056e+03
1.250745197968371713e+03
1.190623263288869566e+03
1.142883071464427985e+03
1.101722017990414543e+03
1.064845036310659907e+03
1.031102643786580074e+03
9.999414334785855090e+02
9.709949035602039658e+02
9.439362283437734504e+02
9.185390053953123015e+02
8.946486156155982599e+02
8.721172721370041927e+02
8.508414954572524493e+02
8.307316417825954886e+02
8.117128363046255117e+02
7.937087494841412081e+02
7.766758396891175380e+02
7.605711261033129631e+02
7.453389369301638681e+02
7.309338600422332775e+02
7.173254541610126580e+02
7.044681969697845716e+02
6.923435033995675667e+02
6.809196192273124097e+02
6.701570769710892819e+02
6.600488615942266506e+02
6.505654542874310664e+02
6.416755305172763428e+02
6.333620295940154392e+02
6.256101323035971973e+02
6.183956969229560627e+02
6.116874889898721221e+02
6.054751534223740919e+02
5.997329372484465466e+02
5.944471391421035378e+02
5.895844102481014488e+02
5.851365842249178968e+02
5.810901249063363139e+02
5.774070695751750009e+02
5.740801595773467625e+02
5.710711034843715197e+02
5.683760382173675225e+02
5.659680334073522090e+02
5.638207344119729214e+02
5.619007349953631092e+02
5.602089925224686340e+02
5.587180358053965392e+02
5.574115745304878828e+02
5.562669806968132207e+02
5.552776653638711650e+02
5.544192643371563918e+02
5.536760051112640895e+02
5.530478499347582328e+02
5.525212933606026127e+02
5.520806058475792497e+02
5.517067682635067740e+02
5.514147125734697283e+02
5.511861439877932298e+02
5.510069649432819006e+02
5.508852002924445515e+02
5.508103029328890443e+02
5.507900550850100672e+02
5.508125436822720076e+02
5.508971974896528536e+02
5.510118224951634147e+02
5.511565089046670209e+02
5.513601359952721168e+02
5.515958598902726635e+02
5.518819593545626958e+02
5.521968227384681995e+02
5.525437923378310643e+02
5.529272862543845122e+02
5.533476268043643813e+02
5.537911586644340787e+02
5.542738371812688456e+02
5.547916939631386413e+02
5.553292631245506072e+02
5.558871577159239905e+02
5.564927995122533275e+02
5.571318989270504289e+02
5.577977885157392848e+02
5.584782591532758715e+02
5.592003588191445260e+02
5.599536132319882427e+02
5.607229456914474213e+02
5.615248497525058156e+02
5.623527014174472924e+02
5.632058700780139588e+02
5.640839121455146596e+02
5.650010186274585067e+02
5.659198706264243128e+02
5.668849528590048976e+02
5.678673700834057172e+02
5.688689865883442280e+02
5.699070141959284683e+02
5.709485165820360635e+02
5.720319370461144217e+02
5.731491484112352737e+02
5.742759637543119879e+02
5.754162730147620550e+02
5.765776428022727487e+02
5.777787744891685406e+02
5.789837205676714120e+02
5.802272488324580308e+02
5.814911880742427002e+02
5.827757976454867048e+02
5.840840132431048914e+02
5.854026487528558391e+02
5.867509272626089114e+02
5.881139902770629533e+02
5.894932902049558834e+02
5.909089346888791852e+02
5.923419630728255925e+02
5.937841846922356126e+02
5.952683219982740184e+02
5.967592977990017289e+02
5.982731219385565282e+02
5.998200812077024011e+02
6.013827020519711368e+02
6.029691473444263465e+02
6.045936522042891283e+02
6.062238791597303589e+02
6.078798166455771934e+02
6.095595536653721638e+02
6.112590735159001269e+02
6.129899052138854358e+02
6.147347627321192931e+02
6.164966958208725600e+02
6.182846993726163873e+02
6.200950969517627982e+02
6.219222715053787169e+02
6.237891520165676411e+02
6.256464873785101872e+02
6.275403375531917618e+02
6.294531394093825156e+02
6.313903724523615892e+02
6.333457323685718166e+02
6.353253261055489247e+02
6.373218849937005643e+02
6.393287986368083011e+02
6.413535584852963893e+02
6.434117970773797879e+02
6.454880011719569666e+02
6.475890490010914391e+02
6.497064340672551452e+02
6.518510406369350676e+02
6.540070301433175928e+02
6.561911051870831670e+02
6.583837767966754200e+02
