1.887637494131980418e+02
1.360452288486201837e+02
6.748129421583413205e+04
4.762657524831169285e+05
1.431746034232689533e+06
2.851207224092544056e+06
4.376111227002216503e+06
5.557052717423265800e+06
6.074360277464700863e+06
5.864202316326828673e+06
5.101586308931671083e+06
4.081702023790934123e+06
3.083509786059402395e+06
2.284386349530033302e+06
1.747691109424971743e+06
1.461296037898513488e+06
1.386930990772353485e+06
1.489614355186181376e+06
1.739598886766358046e+06
2.098980205135641154e+06
2.511147444057606161e+06
2.904319387744170614e+06
3.208229014861975797e+06
3.374303063432091847e+06
3.388536440530000255e+06
3.271586179993273690e+06
3.067745517607643735e+06
2.829210215931358282e+06
2.602421082921487745e+06
2.420396122739032377e+06
2.301146781542764977e+06
2.249841042135292199e+06
2.261971645207344089e+06
2.325988868391508702e+06
2.425281878785298672e+06
2.540225124039548915e+06
2.650822550990866963e+06
2.739831991307153367e+06
2.795590373441726435e+06
2.813669108251758851e+06
2.796837850006175693e+06
2.753478799752496183e+06
2.695064415959722828e+06
2.633517727177551016e+06
2.579079797625202686e+06
2.539003402897931170e+06
2.517052581297183409e+06
2.513632358077267651e+06
2.526328581937077921e+06
2.550696161005136091e+06
2.581185699065748602e+06
2.612104601350037381e+06
2.638509349989312701e+06
2.656885892306180671e+06
2.665533646881978959e+06
2.664580515324567445e+06
2.655693689390733372e+06
2.641549232472550124e+06
2.625236058375538792e+06
2.609674226799074095e+06
2.597190975300231948e+06
2.589243954530982766e+06
2.586356245610973798e+06
2.588174727982545737e+06
2.593679798855374102e+06
2.601428712134659756e+06
2.609859668054589070e+06
2.617534879305066541e+06
2.623366080263402313e+06
2.626715221765157767e+06
2.627446706516827457e+06
2.625851534411059227e+06
2.622554011978711002e+06
2.618338543427284807e+06
2.614020389152815100e+06
2.610290078396960627e+06
2.607646932938950136e+06
2.606328668851864059e+06
2.606339433939033188e+06
2.607462031363633927e+06
2.609351601429598406e+06
2.611583857232364360e+06
2.613760474102507811e+06
2.615540363976118620e+06
2.616712609146927483e+06
2.617180558620330878e+06
2.616988899001240730e+06
2.616263932010782883e+06
2.615211970680162776e+06
2.614042096931430977e+06
2.612965558511509560e+06
2.612128483313466422e+06
2.611633762579946779e+06
2.611496176890404429e+06
2.611690576493024826e+06
2.612124381453327369e+06
2.612701729668595362e+06
2.613298725001567509e+06
2.613829113349634688e+06
2.614208651049050037e+06
2.614412950288136024e+06
2.614425396327473689e+06
2.614286716502540745e+06
2.614029704317153897e+06
2.613726767059301492e+06
2.613419196408468299e+06
2.613170220938332379e+06
2.612995406350124627e+06
2.612925410493056756e+06
2.612939605764502659e+06
2.613038056297976524e+06
2.613176108806182630e+06
2.613342116663898807e+06
2.613488859513325151e+06
2.613613416665499099e+06
2.613682121566705871e+06
2.613711011799608823e+06
2.613683309028990101e+06
2.613631350899998099e+06
2.613547594873400871e+06
2.613470396844693925e+06
2.613390193185067270e+06
2.613341441148668993e+06
2.613304933153383899e+06
2.613307145987086929e+06
2.613318349106207024e+06
2.613359434428608976e+06
2.613394470867794007e+06
2.613444501178040635e+06
2.613472935276837554e+06
2.613505960619788151e+06
2.613509589315981138e+06
2.613516910689102486e+06
2.613496312952875625e+06
2.613486318221374415e+06
2.613455076417238452e+06
2.613443626538120676e+06
2.613417006476057693e+06
2.613416455265001860e+06
2.613402440504597034e+06
2.613415785687239841e+06
2.613412761202233844e+06
2.613434688152962830e+06
2.613435128348509315e+06
2.613457368076328188e+06
2.613453737350016832e+06
2.613470512044571340e+06
2.613459457969580777e+06
2.613469964730687439e+06
2.613452969406957272e+06
2.613460382345187012e+06
