4.350803946388635879e+00
4.336070713184364323e+00
9.148430191098767539e-01
4.427316825182355808e-01
2.856438252860309390e-01
2.268048082749027916e-01
2.081705099806184789e-01
1.927500103478825833e-01
1.762195795417230704e-01
1.621962458853813405e-01
1.505253287066483647e-01
1.406922325164244314e-01
1.322664258943012094e-01
1.249278835848982583e-01
1.184647219423505815e-01
1.127239320841887937e-01
1.075718366122888070e-01
1.029157559329618721e-01
9.868297009410276210e-02
9.480295506861313726e-02
9.124429983171866709e-02
8.795570740990704683e-02
8.490687624591986005e-02
8.206560078938462954e-02
7.941148688536470157e-02
7.692679724307982525e-02
7.459275335532472573e-02
7.239220502651444455e-02
7.031398317890957816e-02
6.834919981780207543e-02
6.648514955868911613e-02
6.471379872550420131e-02
6.302715327432806269e-02
6.141929464848971953e-02
5.988632861368520244e-02
5.841819829660044316e-02
5.701336974373399924e-02
5.566643770347051712e-02
5.437628122151066945e-02
5.313541909907432137e-02
5.194032105788159992e-02
5.078931281404075460e-02
4.968104647314558475e-02
4.861114917355752185e-02
4.757870729291147072e-02
4.658027509771278662e-02
4.561696009764831805e-02
4.468284389951143742e-02
4.377638210496381799e-02
4.289898834063821109e-02
4.204810161120720036e-02
4.122255739446767375e-02
4.041980681272538956e-02
3.964150253660830847e-02
3.888350129681977796e-02
3.814732689680055966e-02
3.742944016609756064e-02
3.673010393428588483e-02
3.604881234359869069e-02
3.538477280035595696e-02
3.473951340912306840e-02
3.410749616596486788e-02
3.349104183365658738e-02
3.288822373315403169e-02
3.229982628567923397e-02
3.172427457301257858e-02
3.116282634478856339e-02
3.061176246249491806e-02
3.007335240246422625e-02
2.954769503210952220e-02
2.903240435549475640e-02
2.852877446186369292e-02
2.803461797574224867e-02
2.754823633652869752e-02
2.707395878487078855e-02
2.660739788566274244e-02
2.614941870685555392e-02
2.570099935328040708e-02
2.526163998808611533e-02
2.482823311269238831e-02
2.440438237856706882e-02
2.398703906653160134e-02
2.357812205592668686e-02
2.317481912221824869e-02
2.277988646451634125e-02
2.239068213815037511e-02
2.200764582369563183e-02
2.163088561083698069e-02
2.126134735878376647e-02
2.089767307080797609e-02
2.053899940846970473e-02
2.018643175823625624e-02
1.984002177510396647e-02
1.949759527471334186e-02
1.916156391169915318e-02
1.882992715295717101e-02
1.850388065448266284e-02
1.818099918497978473e-02
1.786347127259513279e-02
1.755065183195658740e-02
1.724098429455078740e-02
1.693849194899466060e-02
1.663823046559897989e-02
1.634256648284876379e-02
1.604968474451418103e-02
1.576149158188949739e-02
1.547749233142214909e-02
1.519724890759094338e-02
1.492059995132349881e-02
1.464674875980676028e-02
1.437676100362200726e-02
1.410934528071489114e-02
1.384737831140919750e-02
1.358711817292651558e-02
1.333027515901752391e-02
1.307664832821470169e-02
1.282623215285377816e-02
1.257768942771536613e-02
1.233340528295145955e-02
1.209038645849369598e-02
1.185100708545072656e-02
1.161359048797339089e-02
1.137982661337716417e-02
1.114972975229766572e-02
1.092084845154200901e-02
1.069482031865276461e-02
1.047102612353445483e-02
1.024912019371443384e-02
1.003005019064862058e-02
9.813989700466707600e-03
9.599197524434777140e-03
9.387125778109239871e-03
9.177233901083048373e-03
8.969473155013896193e-03
8.763343656295830009e-03
8.558695471038768599e-03
8.357602050765911006e-03
8.158819596618849257e-03
7.960703074770703047e-03
7.765062306690440064e-03
7.571423413738009867e-03
7.379892853304093059e-03
7.189200917541049840e-03
7.000324834189497469e-03
6.815054856922186932e-03
6.630400027180571865e-03
6.446308358687813378e-03
6.266427413986808137e-03
6.086534596408232911e-03
5.908065350096025625e-03
5.731610232022843476e-03
