1.330364282995398753e+03
1.017305099540412812e+03
9.133548194668429687e+02
8.155613915057471104e+02
6.568561127647528792e+02
6.531456585888105337e+02
6.432772961015864439e+02
6.414550759434503107e+02
6.210568158422206579e+02
6.165143911181031626e+02
6.138805787626267829e+02
6.119358272948584272e+02
6.081496252345787070e+02
6.054829673953263409e+02
6.037898605464797583e+02
6.031666790376041263e+02
6.030285656477176417e+02
6.009310167602469619e+02
5.999168424036878378e+02
5.980480541589467975e+02
5.957088271163986519e+02
5.947310823853722468e+02
5.943788057509984810e+02
5.928127330533194481e+02
5.903427656136950645e+02
5.898423433858129101e+02
5.888954931491250591e+02
5.866814585647189233e+02
5.866181413995610683e+02
5.855300003165799581e+02
5.853432051514502064e+02
5.849001983481376783e+02
5.842892590012229448e+02
5.840991262663211501e+02
5.825485842851351208e+02
5.803150090075399703e+02
5.794960580422211933e+02
5.791227070141726472e+02
5.790764377358344746e+02
5.735121043584539393e+02
5.733836805090647886e+02
5.727828335706718690e+02
5.725731084296864992e+02
5.723300870531983264e+02
5.718155973116969335e+02
5.702615967837807602e+02
5.702351947111546906e+02
5.687359388312609099e+02
5.677596588045511226e+02
5.675574924263135017e+02
5.667862521724121052e+02
5.654539980283102523e+02
5.648490767153970182e+02
5.635615545599306415e+02
5.629377258228092842e+02
5.628620564036301630e+02
5.624579447687988250e+02
5.604493617044018947e+02
5.604201720939574898e+02
5.594096049122856584e+02
5.586429560090416544e+02
5.574441707365923548e+02
5.569815293551621380e+02
5.556749964347276318e+02
5.553931028918561879e+02
5.548999120484774039e+02
5.548394624030105433e+02
5.537430391788207089e+02
5.531618774390134377e+02
5.530146117329575191e+02
5.529328827875847310e+02
5.521917317487952914e+02
5.521475890574172354e+02
5.514315955595628793e+02
5.508643677275583741e+02
5.500245458687090832e+02
5.499033290725435563e+02
5.497409710912984337e+02
5.485217995170183940e+02
5.482664573346686439e+02
5.478865936548407944e+02
5.478689274738942458e+02
5.468083167534881568e+02
5.467530591443324965e+02
5.452570391050111311e+02
5.451593718584912267e+02
5.446732795147597699e+02
5.433891994698966528e+02
5.432551371555560991e+02
5.430289621273127523e+02
5.425038010123574850e+02
5.423950815052522785e+02
5.420519612859364997e+02
5.418378793323105356e+02
5.409810467035098327e+02
5.397633729040953767e+02
5.397437483138880907e+02
5.397143012606659340e+02
5.391564198736634808e+02
5.387851195487706946e+02
5.387039007421636825e+02
5.384588227115328891e+02
5.380299474162799243e+02
5.377943222304511437e+02
5.376374908302595941e+02
5.372105519385934258e+02
5.364857920729436955e+02
5.362427522710106587e+02
5.359188662175535001e+02
5.358708039155241067e+02
5.352283852444016929e+02
5.349477970273261462e+02
5.348953710744750651e+02
5.346088296328287015e+02
5.339585750271763800e+02
5.334135893720599597e+02
5.331607601026868224e+02
5.329329326274227014e+02
5.327708054269122613e+02
5.327239703564091542e+02
5.323662553609112820e+02
5.321094713723203995e+02
5.319294510807377492e+02
5.318383491756404737e+02
5.316682716537432043e+02
5.316226239272929206e+02
5.307907274691391422e+02
5.307116585883759399e+02
5.306529242690683077e+02
5.305284127039665236e+02
5.304148650803579130e+02
5.301785199050023039e+02
5.300202668156192658e+02
5.296465099790366367e+02
5.290353512868914549e+02
5.289409907570125142e+02
5.289222916894900663e+02
5.288813375744655332e+02
5.287038980617686548e+02
5.286505056381353143e+02
5.282829481244352792e+02
5.282095781909594052e+02
5.281586996270987129e+02
5.279744569156047191e+02
5.279412283612642796e+02
5.274015709866890802e+02
5.270969980502441103e+02
5.270251043371845299e+02
5.268805918816671010e+02
5.267507306859639584e+02
