9.120000000000000329e-02
1.231000000000000011e-01
5.323999999999999844e-01
6.730000000000000426e-01
7.239999999999999769e-01
7.552999999999999714e-01
7.752999999999999892e-01
7.886999999999999567e-01
7.985999999999999766e-01
8.051000000000000378e-01
8.107999999999999652e-01
8.161000000000000476e-01
8.201000000000000512e-01
8.232000000000000428e-01
8.274000000000000243e-01
8.309999999999999609e-01
8.336000000000000076e-01
8.348999999999999755e-01
8.372000000000000552e-01
8.393000000000000460e-01
8.407000000000000028e-01
8.420999999999999597e-01
8.447999999999999954e-01
8.465000000000000302e-01
8.484000000000000430e-01
8.499999999999999778e-01
8.509999999999999787e-01
8.525000000000000355e-01
8.546000000000000263e-01
8.559999999999999831e-01
8.571999999999999620e-01
8.580999999999999739e-01
8.592999999999999527e-01
8.600999999999999757e-01
8.622999999999999554e-01
8.637000000000000233e-01
8.642999999999999572e-01
8.652999999999999581e-01
8.660999999999999810e-01
8.661999999999999700e-01
8.669999999999999929e-01
8.679000000000000048e-01
8.687000000000000277e-01
8.700999999999999845e-01
8.705000000000000515e-01
8.716000000000000414e-01
8.719999999999999973e-01
8.725000000000000533e-01
8.732999999999999652e-01
8.742999999999999661e-01
8.751999999999999780e-01
8.754999999999999449e-01
8.756000000000000449e-01
8.768000000000000238e-01
8.771999999999999797e-01
8.777000000000000357e-01
8.783999999999999586e-01
8.790000000000000036e-01
8.794999999999999485e-01
8.797000000000000375e-01
8.802999999999999714e-01
8.808000000000000274e-01
8.810999999999999943e-01
8.813999999999999613e-01
8.819000000000000172e-01
8.821999999999999842e-01
8.821999999999999842e-01
8.822999999999999732e-01
8.826000000000000512e-01
8.829000000000000181e-01
8.833999999999999631e-01
8.837000000000000410e-01
8.844999999999999529e-01
8.847000000000000419e-01
8.850000000000000089e-01
8.850000000000000089e-01
8.847000000000000419e-01
8.848000000000000309e-01
8.851999999999999869e-01
8.851999999999999869e-01
8.850000000000000089e-01
8.850999999999999979e-01
8.849000000000000199e-01
8.852999999999999758e-01
8.854999999999999538e-01
8.856000000000000538e-01
8.859000000000000208e-01
8.862999999999999767e-01
8.861999999999999877e-01
8.863999999999999657e-01
8.867000000000000437e-01
8.869000000000000217e-01
8.869000000000000217e-01
8.870000000000000107e-01
8.874999999999999556e-01
8.873999999999999666e-01
8.872999999999999776e-01
8.874999999999999556e-01
8.874999999999999556e-01
8.872999999999999776e-01
8.872999999999999776e-01
8.871999999999999886e-01
8.868000000000000327e-01
8.869000000000000217e-01
8.867000000000000437e-01
8.867000000000000437e-01
8.866000000000000547e-01
8.869000000000000217e-01
8.870999999999999996e-01
8.870999999999999996e-01
8.869000000000000217e-01
8.869000000000000217e-01
8.869000000000000217e-01
8.869000000000000217e-01
8.867000000000000437e-01
8.867000000000000437e-01
8.867000000000000437e-01
8.864999999999999547e-01
8.863999999999999657e-01
8.863999999999999657e-01
8.862999999999999767e-01
8.861999999999999877e-01
8.861999999999999877e-01
8.860999999999999988e-01
8.860000000000000098e-01
8.858000000000000318e-01
8.856000000000000538e-01
8.859000000000000208e-01
8.859000000000000208e-01
8.858000000000000318e-01
8.857000000000000428e-01
8.857000000000000428e-01
8.858000000000000318e-01
8.857000000000000428e-01
8.856000000000000538e-01
8.860999999999999988e-01
8.861999999999999877e-01
8.860999999999999988e-01
8.861999999999999877e-01
8.861999999999999877e-01
8.859000000000000208e-01
8.859000000000000208e-01
8.857000000000000428e-01
8.856000000000000538e-01
8.856000000000000538e-01
8.857000000000000428e-01
8.857000000000000428e-01
8.853999999999999648e-01
8.853999999999999648e-01
8.856000000000000538e-01
8.856000000000000538e-01
