6.280286762540785048e+02
1.157466110103934476e+01
3.814022751199654430e-07
1.009139655212173748e-07
1.722711299857757133e-09
6.005288775487968229e-08
1.453464914699074525e-09
3.897425484267315984e-08
1.418762648344494770e-09
1.418062181800047949e-09
1.415909611764405657e-09
1.415796798240052711e-09
1.415839042380596653e-09
1.415839293187670238e-09
1.415877869315818958e-09
1.415877823604652604e-09
1.415877879626338882e-09
1.415877881204177009e-09
1.415877881338585380e-09
1.415877881408759867e-09
1.415877881528612755e-09
1.415877881531497340e-09
1.415877881825680609e-09
1.415877881825579487e-09
1.415877881825554258e-09
1.415877881825360284e-09
1.415877881825590447e-09
1.415877881825592722e-09
1.415877881825591894e-09
1.415877881825591688e-09
1.415877881825591894e-09
1.415877881825591688e-09
1.415877881825591894e-09
1.415877881825591894e-09
1.415877881825592101e-09
1.415877881825591894e-09
1.415877881825591688e-09
1.415877881825591688e-09
1.415877881825591894e-09
1.415877881825591688e-09
1.415877881825591894e-09
1.415877881825591688e-09
1.415877881825591688e-09
1.415877881825591688e-09
1.415877881825591688e-09
1.415877881825591688e-09
1.415877881825591688e-09
1.415877881825591688e-09
1.415877881825591688e-09
1.415877881825591894e-09
1.415877881825591688e-09
1.415877881825591688e-09
1.415877881825591894e-09
1.415877881825591894e-09
1.415877881825591688e-09
1.415877881825591688e-09
1.415877881825591688e-09
1.415877881825591688e-09
1.415877881825591688e-09
1.415877881825591894e-09
1.415877881825591688e-09
1.415877881825591894e-09
1.415877881825591688e-09
1.415877881825591688e-09
1.415877881825591688e-09
1.415877881825591894e-09
1.415877881825591894e-09
1.415877881825591894e-09
1.415877881825591688e-09
1.415877881825591688e-09
1.415877881825591894e-09
1.415877881825591688e-09
1.415877881825591688e-09
1.415877881825591688e-09
1.415877881825591894e-09
1.415877881825591688e-09
1.415877881825591688e-09
1.415877881825591688e-09
1.415877881825591894e-09
1.415877881825591688e-09
1.415877881825591688e-09
1.415877881825591688e-09
1.415877881825591688e-09
1.415877881825591688e-09
1.415877881825591688e-09
1.415877881825591688e-09
1.415877881825591894e-09
1.415877881825591688e-09
1.415877881825591688e-09
1.415877881825591688e-09
1.415877881825591894e-09
1.415877881825591688e-09
1.415877881825591688e-09
1.415877881825591894e-09
1.415877881825591894e-09
1.415877881825591688e-09
1.415877881825591688e-09
1.415877881825591688e-09
1.415877881825591688e-09
1.415877881825591688e-09
1.415877881825591688e-09
1.415877881825591688e-09
1.415877881825591688e-09
1.415877881825591688e-09
1.415877881825591688e-09
1.415877881825591688e-09
1.415877881825591688e-09
1.415877881825591688e-09
1.415877881825591688e-09
1.415877881825591688e-09
1.415877881825591688e-09
1.415877881825591688e-09
1.415877881825591688e-09
1.415877881825591688e-09
1.415877881825591688e-09
1.415877881825591688e-09
1.415877881825591688e-09
1.415877881825591688e-09
1.415877881825591688e-09
1.415877881825591688e-09
1.415877881825591688e-09
1.415877881825591688e-09
1.415877881825591688e-09
1.415877881825591688e-09
1.415877881825591688e-09
1.415877881825591688e-09
1.415877881825591688e-09
1.415877881825591688e-09
1.415877881825591688e-09
1.415877881825591894e-09
1.415877881825591894e-09
1.415877881825591688e-09
1.415877881825591688e-09
1.415877881825591688e-09
1.415877881825591688e-09
1.415877881825591894e-09
1.415877881825591688e-09
1.415877881825591688e-09
1.415877881825591688e-09
1.415877881825591688e-09
1.415877881825591894e-09
1.415877881825591894e-09
1.415877881825591688e-09
1.415877881825591688e-09
1.415877881825591688e-09
1.415877881825591688e-09
1.415877881825591688e-09
1.415877881825591688e-09
1.415877881825591688e-09
1.415877881825591894e-09
1.415877881825591688e-09
