6.371106075962154591e+02
3.387588236468795687e+06
1.439768723054036498e+06
1.260974365068628686e+06
1.121562160626445431e+06
1.121562165267132223e+06
1.121562124450930161e+06
1.121562178099121433e+06
1.121562094654117478e+06
1.121562012771044392e+06
1.121562199538107263e+06
1.121562021935024532e+06
1.121562178863150766e+06
1.121562116194278235e+06
1.121562007273686351e+06
1.121562117896658136e+06
1.121562003213551361e+06
1.121562090606140671e+06
1.121562103421971202e+06
1.121562046044445131e+06
1.121561988685663324e+06
1.121561987880210625e+06
1.121562022822433850e+06
1.121562059251225553e+06
1.121561961371079320e+06
1.121562039621830452e+06
1.121562059585464885e+06
1.121562002167486353e+06
1.121562061131081777e+06
1.121562021801266819e+06
1.121561935733030783e+06
1.121562099310683552e+06
1.121561989029903198e+06
1.121562024103887146e+06
1.121561956607569940e+06
1.121561974846480414e+06
1.121561927615707275e+06
1.121561953670132207e+06
1.121562015182135627e+06
1.121562065694148419e+06
1.121561931994065177e+06
1.121562006297088228e+06
1.121561889378907625e+06
1.121561922081344295e+06
1.121561980058085406e+06
1.121561989310886012e+06
1.121561892304863315e+06
1.121561905266286340e+06
1.121561947008254472e+06
1.121561978667130228e+06
1.121561916221386520e+06
1.121561838441811036e+06
1.121561903289034730e+06
1.121561833925846266e+06
1.121561903402550612e+06
1.121561923642294481e+06
1.121561875038407510e+06
1.121561850797467632e+06
1.121561859753594967e+06
1.121561867315575480e+06
1.121561895147561794e+06
1.121561788171284599e+06
1.121561800717166625e+06
1.121561841078883270e+06
1.121561838942778297e+06
1.121561779837857466e+06
1.121561839099434437e+06
1.121561848475245293e+06
1.121561838308976963e+06
1.121561836153352167e+06
1.121561804929188918e+06
1.121561790627225768e+06
1.121561820972536923e+06
1.121561772949077655e+06
1.121561875951290596e+06
1.121561807599076070e+06
1.121561884943215875e+06
1.121561868269298691e+06
1.121561790061781649e+06
1.121561812757661100e+06
1.121561796677879058e+06
1.121561836225914536e+06
1.121561817782695871e+06
1.121561807410689536e+06
1.121561778547402704e+06
1.121561772118815687e+06
1.121561768564204220e+06
1.121561786189305829e+06
1.121561770605082856e+06
1.121561754527418641e+06
1.121561838858119678e+06
1.121561821464091074e+06
1.121561755908429390e+06
1.121561783127369126e+06
1.121561769933869131e+06
1.121561807821593247e+06
1.121561754693642491e+06
1.121561753032993292e+06
1.121561749931108439e+06
1.121561770209918264e+06
1.121561769095111173e+06
1.121561752658344340e+06
1.121561767027043039e+06
1.121561718174848473e+06
1.121561747803100618e+06
1.121561783156850142e+06
1.121561767454505432e+06
1.121561751139331609e+06
1.121561698749588570e+06
1.121561782652494963e+06
1.121561715734160738e+06
1.121561750178696355e+06
1.121561713175981306e+06
1.121561715657120338e+06
1.121561725796107668e+06
1.121561719257012475e+06
1.121561762620533351e+06
1.121561728832427878e+06
1.121561729821277317e+06
1.121561706914358772e+06
1.121561714273407822e+06
1.121561709908592748e+06
1.121561721849217080e+06
1.121561686678400729e+06
1.121561698967927834e+06
1.121561713134396356e+06
1.121561705397128360e+06
1.121561671079922002e+06
1.121561681721854955e+06
1.121561688510354143e+06
1.121561703436321346e+06
1.121561680429256288e+06
1.121561688888834324e+06
1.121561693629872985e+06
1.121561689204095164e+06
1.121561697343890788e+06
1.121561683749499731e+06
1.121561698388915043e+06
1.121561680675741285e+06
1.121561671813708032e+06
1.121561715041380841e+06
1.121561668651161250e+06
1.121561688264751341e+06
1.121561667995525990e+06
1.121561702562793624e+06
1.121561696209924761e+06
1.121561679017770570e+06
1.121561689188819379e+06
1.121561679510356160e+06
1.121561671346663265e+06
1.121561671706686029e+06
