9.120000000000000329e-02
1.280000000000000027e-01
5.268000000000000460e-01
5.299000000000000377e-01
5.769999999999999574e-01
5.533000000000000140e-01
5.440000000000000391e-01
5.858999999999999764e-01
5.790999999999999481e-01
5.235999999999999543e-01
5.298000000000000487e-01
5.784000000000000252e-01
5.567999999999999616e-01
5.255999999999999561e-01
5.598999999999999533e-01
5.979999999999999760e-01
5.655999999999999917e-01
5.603000000000000203e-01
5.553000000000000158e-01
6.051999999999999602e-01
5.891999999999999460e-01
6.149999999999999911e-01
6.272999999999999687e-01
5.714000000000000190e-01
5.622000000000000330e-01
5.098000000000000309e-01
5.774000000000000243e-01
5.497999999999999554e-01
5.091999999999999860e-01
5.578999999999999515e-01
5.383999999999999897e-01
5.527999999999999581e-01
5.515999999999999792e-01
5.574999999999999956e-01
5.725000000000000089e-01
5.561000000000000387e-01
5.502000000000000224e-01
5.400000000000000355e-01
5.530000000000000471e-01
5.759999999999999565e-01
5.846999999999999975e-01
5.536999999999999700e-01
5.057000000000000384e-01
5.954000000000000403e-01
5.473000000000000087e-01
5.362999999999999989e-01
6.130999999999999783e-01
5.419000000000000483e-01
5.453000000000000069e-01
5.431000000000000272e-01
5.990999999999999659e-01
5.796000000000000041e-01
5.681000000000000494e-01
5.869999999999999662e-01
5.483999999999999986e-01
5.140000000000000124e-01
5.839999999999999636e-01
5.903000000000000469e-01
5.312000000000000055e-01
5.671000000000000485e-01
5.591000000000000414e-01
5.667999999999999705e-01
5.991999999999999549e-01
5.611000000000000432e-01
5.381000000000000227e-01
5.400000000000000355e-01
5.345999999999999641e-01
5.161999999999999922e-01
5.946000000000000174e-01
4.965999999999999859e-01
5.603000000000000203e-01
5.681000000000000494e-01
5.501000000000000334e-01
5.093999999999999639e-01
5.642000000000000348e-01
5.507999999999999563e-01
6.067000000000000171e-01
5.806999999999999940e-01
5.780999999999999472e-01
5.605999999999999872e-01
5.513000000000000123e-01
5.799999999999999600e-01
4.930999999999999828e-01
5.365999999999999659e-01
5.943000000000000504e-01
5.575999999999999845e-01
5.558999999999999497e-01
5.795000000000000151e-01
5.543000000000000149e-01
5.107000000000000428e-01
5.979999999999999760e-01
5.532000000000000250e-01
4.946999999999999731e-01
5.803000000000000380e-01
5.983000000000000540e-01
5.442000000000000171e-01
5.754000000000000226e-01
5.869999999999999662e-01
4.979000000000000092e-01
5.262000000000000011e-01
5.820999999999999508e-01
5.655999999999999917e-01
5.507999999999999563e-01
5.305999999999999606e-01
5.437999999999999501e-01
5.291000000000000147e-01
5.402000000000000135e-01
5.331000000000000183e-01
5.389000000000000457e-01
5.481000000000000316e-01
5.288000000000000478e-01
5.675000000000000044e-01
5.674000000000000155e-01
5.393999999999999906e-01
5.520000000000000462e-01
5.691000000000000503e-01
5.137000000000000455e-01
5.441000000000000281e-01
5.030999999999999917e-01
5.283999999999999808e-01
5.847999999999999865e-01
5.806999999999999940e-01
5.987000000000000099e-01
5.657999999999999696e-01
5.800999999999999490e-01
5.566999999999999726e-01
5.538999999999999480e-01
5.854000000000000314e-01
5.190000000000000169e-01
5.484999999999999876e-01
5.413000000000000034e-01
5.555999999999999828e-01
5.734000000000000208e-01
5.523000000000000131e-01
6.042999999999999483e-01
5.899999999999999689e-01
5.016000000000000458e-01
5.320000000000000284e-01
5.737999999999999767e-01
5.567999999999999616e-01
6.078999999999999959e-01
5.721000000000000529e-01
5.259000000000000341e-01
5.346999999999999531e-01
5.356999999999999540e-01
5.868999999999999773e-01
5.745999999999999996e-01
5.394999999999999796e-01
5.304999999999999716e-01
5.372000000000000108e-01
5.765000000000000124e-01
