1.150194235091980772e+02
1.123572629475736449e+02
9.785239257242130861e+01
8.133303827961186983e+01
6.908720234939296745e+01
6.209017707261921970e+01
5.830480009412212894e+01
5.492342688824048480e+01
5.391929876578890202e+01
5.060942505664975499e+01
4.486364427590011417e+01
4.206128237322937480e+01
3.969909414956005378e+01
3.762262402025823604e+01
3.566864371852356186e+01
3.438379204932292765e+01
3.249941533446392583e+01
3.156733795880647264e+01
3.027599519245179494e+01
2.948137590867649038e+01
2.858825451498247716e+01
2.781794476506357583e+01
2.730631087577094007e+01
2.713215261399585287e+01
2.667405029710540632e+01
2.574757675942210611e+01
2.469635866501943866e+01
2.397620990210548797e+01
2.354821209727221998e+01
2.385537696486745318e+01
2.348150606086780101e+01
2.375042143057699917e+01
2.318942862382240833e+01
2.194763019617306199e+01
2.130208293377033257e+01
2.120343939027350189e+01
2.094186487017409704e+01
2.146010668785610420e+01
2.174952141716310194e+01
2.169927616337552934e+01
2.105050756976472925e+01
2.099157384949847227e+01
2.099735439622930500e+01
2.157384971539070406e+01
2.073005901588399880e+01
2.073768561723746018e+01
2.019187560200377263e+01
2.025137690957290104e+01
1.942149723136215655e+01
1.938675591821539967e+01
1.873892958177318135e+01
1.840773797648818189e+01
1.813097685487729649e+01
1.779596084424814961e+01
1.757730953444128374e+01
1.759293433132907580e+01
1.718995424131959027e+01
1.696772460034347318e+01
1.670537273425307134e+01
1.658175361681642102e+01
1.648564635378934184e+01
1.642365627456586807e+01
1.624043744220074714e+01
1.610208382623789802e+01
1.587810982777612701e+01
1.574755796127833740e+01
1.561438082725387133e+01
1.552760340007027473e+01
1.546049605832054930e+01
1.539850451363854233e+01
1.537106063751936169e+01
1.533571742292534168e+01
1.524638719740030801e+01
1.514418127277706994e+01
1.505982677110416290e+01
1.494949304981951776e+01
1.488439726064696700e+01
1.480093887168602329e+01
1.471662639902133485e+01
1.463713176278804973e+01
1.457594209087938353e+01
1.449427857843842382e+01
1.445068402591939538e+01
1.438655450882972886e+01
1.433524065696581751e+01
1.427209345500803472e+01
1.421872285625696897e+01
1.417390866965362406e+01
1.412975171814184705e+01
1.408070301088403298e+01
1.402838661826911526e+01
1.398473227591457757e+01
1.395264112881064733e+01
1.390062521701519138e+01
1.385975851107573220e+01
1.381266264339778083e+01
1.376924525788322917e+01
1.373032334733730941e+01
1.369170714034236447e+01
1.365434557295377616e+01
1.362542513915847842e+01
1.357606506717752026e+01
1.354570743832231194e+01
1.350852140717432981e+01
1.347132287263158190e+01
1.342405990983388442e+01
1.339869534612765989e+01
1.336906372821046318e+01
1.333395246492812092e+01
1.329382078981796056e+01
1.326308238725412636e+01
1.322912763851248741e+01
1.319628688157342822e+01
1.317225567174417833e+01
1.313424652120219704e+01
1.311340655827136281e+01
1.307068007428686052e+01
1.305349012050326429e+01
1.301792659848388389e+01
1.299238190316709129e+01
1.295717148368372484e+01
1.293915996713963423e+01
1.290302204402893160e+01
1.286865818843188869e+01
1.284701552018823101e+01
1.281862737168184374e+01
1.278744981230305910e+01
1.276313542470285967e+01
1.273729946942547464e+01
1.271302385911267052e+01
1.268910133054687961e+01
1.265927967039405644e+01
1.264092059817497216e+01
1.260864349127021278e+01
1.259023350117518447e+01
1.257105650022309717e+01
1.254496362004321419e+01
1.252794971150918535e+01
1.249983897369988561e+01
1.248040245057740449e+01
1.245416011087443842e+01
1.243588404058870189e+01
1.240658953019682720e+01
1.238074756292488310e+01
1.236530667061644273e+01
1.233156150912873450e+01
1.231735916206736903e+01
1.230021455499914751e+01
1.227520262950427998e+01
1.226439673783222162e+01
1.224300822019806390e+01
