6.336942340101960554e+02
3.491055196857811183e+01
1.843340906582857430e+00
5.239896623490349903e-01
4.494308996742600870e-01
5.179116738677970178e-01
5.098916328229334827e-01
5.452529321831595110e-01
5.403601412275231830e-01
5.716454417824381462e-01
5.666567903628831893e-01
5.904033440234289776e-01
5.821927688319200600e-01
5.880748184280845114e-01
5.799633018598693290e-01
5.671592500621925881e-01
5.527845460068222527e-01
5.366422483562832690e-01
5.257803818420491160e-01
5.110205143760409019e-01
4.944684044741253781e-01
4.855009955462485927e-01
4.725862745762924866e-01
4.663371258311393985e-01
4.585955070622499963e-01
4.492111409163114244e-01
4.400630716160654488e-01
4.281363782868232715e-01
4.206359065486421356e-01
4.081439788957874626e-01
3.978035368078987610e-01
3.868180192505907833e-01
3.795466667821412732e-01
3.698254533501137975e-01
3.607253122375317922e-01
3.539350798852620161e-01
3.405679045021884344e-01
3.329449908433448901e-01
3.202792435188493991e-01
3.136824130688876111e-01
3.042914416974590863e-01
2.973309152143419065e-01
2.858657036496649595e-01
2.821886376042188616e-01
2.692869324352245020e-01
2.637031339161793886e-01
2.518626411464603976e-01
2.474960117245738056e-01
2.371760305080687914e-01
2.341074420472419038e-01
2.225155024366057277e-01
2.199924965022171941e-01
2.085588783952732894e-01
2.082214374784896183e-01
1.958746817805041840e-01
1.957455405581173813e-01
1.843155097903801387e-01
1.837508453199184488e-01
1.733760217033450679e-01
1.733136704758531654e-01
1.624284234986580755e-01
1.622438261663629033e-01
1.514700434825394237e-01
1.518499959396320820e-01
1.410828796725137335e-01
1.415856799808551947e-01
1.313221570593952892e-01
1.317465312841047675e-01
1.214333183844041181e-01
1.226221614363316864e-01
1.125757159195603235e-01
1.140024226119136785e-01
1.036497322074003968e-01
1.047044123191762377e-01
9.550522172118756925e-02
9.706003719653270856e-02
8.786588702720896094e-02
8.882374952227933829e-02
7.990002284039189606e-02
8.153497545405684332e-02
7.312725449659206178e-02
7.445046445851351280e-02
6.604125808094196692e-02
6.770553787448142791e-02
5.990370167599663037e-02
6.130487225342797636e-02
5.393711052322809618e-02
5.527003024015951504e-02
4.867529076274464822e-02
4.994568228154734613e-02
4.388811678237825725e-02
4.501477479853006891e-02
3.938138700225553290e-02
4.014849094472842245e-02
3.501039283916573819e-02
3.585721493862412124e-02
3.135918644558165908e-02
3.203592101178538709e-02
2.797269250565915383e-02
2.842807876477284126e-02
2.494271982334536272e-02
2.511905801143738889e-02
2.219422890688303729e-02
2.230160478410660868e-02
1.977354341006886188e-02
1.974110004412887517e-02
1.753905181024503074e-02
1.739427416196318368e-02
1.551427438508386561e-02
1.530978975895202349e-02
1.375948622478096600e-02
1.342476752191001932e-02
1.210178590893991150e-02
1.174761842245928070e-02
1.061657141108299056e-02
1.021415771818285495e-02
9.319838560575310557e-03
8.847097149580450404e-03
8.126112996608689243e-03
7.682304462349884983e-03
7.113684555317071299e-03
6.713210521369777049e-03
6.244747799754385258e-03
5.815255084462111861e-03
5.454582274858904220e-03
5.055470282620063913e-03
4.759337665983422692e-03
4.405926284609176617e-03
4.184671088760034963e-03
3.868624515136266737e-03
3.709637218526022368e-03
3.439538476749359839e-03
3.301119324264461131e-03
3.073266503607971576e-03
2.966675984650857158e-03
2.777085928965118255e-03
2.709914215375731905e-03
2.550107862967580449e-03
2.491468044445850800e-03
2.352180072474186097e-03
2.318292789236029404e-03
2.200498913096217510e-03
2.172854370660497626e-03
2.083320065354662270e-03
2.061565520170266248e-03
1.989387170297853957e-03
1.975616617422753466e-03
1.919537445667435270e-03
1.907560157456209080e-03
1.858326117032332598e-03
1.853238388328259847e-03
