2.205999380720942149e+00
2.186919517522174061e+00
2.055371322113966670e+00
2.028390345537019801e+00
2.053126174166103102e+00
2.055631085758815146e+00
2.043863006012907046e+00
2.036202330551696527e+00
2.033590950836805078e+00
2.032844104082233372e+00
2.033074805883731351e+00
2.033865942204908350e+00
2.034556837422212716e+00
2.034811082429064388e+00
2.034727901107944881e+00
2.034532329506733461e+00
2.034370036767430001e+00
2.034284379179854163e+00
2.034263295902634106e+00
2.034279253268648446e+00
2.034308426166820283e+00
2.034335639370581372e+00
2.034353404291212364e+00
2.034359962344736150e+00
2.034357331943661862e+00
2.034349678135474626e+00
2.034341483990959709e+00
2.034336034296456486e+00
2.034334504769470975e+00
2.034336119642195406e+00
2.034339073827697852e+00
2.034341636597059022e+00
2.034342871061912028e+00
2.034342759682198132e+00
2.034341874629733482e+00
2.034340899388327628e+00
2.034340289943813662e+00
2.034340160953603149e+00
2.034340370110618412e+00
2.034340689252060574e+00
2.034340936330957916e+00
2.034341034439582696e+00
2.034341004853717827e+00
2.034340913416391228e+00
2.034340826066248109e+00
2.034340779332892257e+00
2.034340775506261245e+00
2.034340797580886484e+00
2.034340823569825929e+00
2.034340840275112416e+00
2.034340844868934184e+00
2.034340841904329178e+00
2.034340836083069259e+00
2.034340831381736159e+00
2.034340828983514982e+00
2.034340828705196724e+00
2.034340828964039005e+00
2.034340829801008610e+00
2.034340831067483091e+00
2.034340831983444176e+00
2.034340832224866169e+00
2.034340832007550670e+00
2.034340831491110002e+00
2.034340831079930023e+00
2.034340831008978334e+00
2.034340831097753544e+00
2.034340831317947629e+00
2.034340831390793802e+00
2.034340831253536930e+00
2.034340831288777185e+00
2.034340831289484175e+00
2.034340831289507712e+00
2.034340831289507712e+00
2.034340831289507712e+00
2.034340831289507712e+00
2.034340831289507712e+00
2.034340831289507712e+00
2.034340831289507712e+00
2.034340831289507712e+00
2.034340831289507712e+00
2.034340831289507712e+00
2.034340831289507712e+00
2.034340831289507712e+00
2.034340831289507712e+00
2.034340831289507712e+00
2.034340831289507712e+00
2.034340831289507712e+00
2.034340831289507712e+00
2.034340831289507712e+00
2.034340831289507712e+00
2.034340831289507712e+00
2.034340831289507712e+00
2.034340831289507712e+00
2.034340831289507712e+00
2.034340831289507712e+00
2.034340831289507712e+00
2.034340831289507712e+00
2.034340831289507712e+00
2.034340831289507712e+00
2.034340831289507712e+00
2.034340831289507712e+00
2.034340831289507712e+00
2.034340831289507712e+00
2.034340831289507712e+00
2.034340831289507712e+00
2.034340831289507712e+00
2.034340831289507712e+00
2.034340831289507712e+00
2.034340831289507712e+00
2.034340831289507712e+00
2.034340831289507712e+00
2.034340831289507712e+00
2.034340831289507712e+00
2.034340831289507712e+00
2.034340831289507712e+00
2.034340831289507712e+00
2.034340831289507712e+00
2.034340831289507712e+00
2.034340831289507712e+00
2.034340831289507712e+00
2.034340831289507712e+00
2.034340831289507712e+00
2.034340831289507712e+00
2.034340831289507712e+00
2.034340831289507712e+00
2.034340831289507712e+00
2.034340831289507712e+00
2.034340831289507712e+00
2.034340831289507712e+00
2.034340831289507712e+00
2.034340831289507712e+00
2.034340831289507712e+00
2.034340831289507712e+00
2.034340831289507712e+00
2.034340831289507712e+00
2.034340831289507712e+00
2.034340831289507712e+00
2.034340831289507712e+00
2.034340831289507712e+00
2.034340831289507712e+00
2.034340831289507712e+00
2.034340831289507712e+00
2.034340831289507712e+00
2.034340831289507712e+00
2.034340831289507712e+00
2.034340831289507712e+00
2.034340831289507712e+00
2.034340831289507712e+00
2.034340831289507712e+00
2.034340831289507712e+00
2.034340831289507712e+00
