6.869999999999999718e-02
3.143000000000000238e-01
8.084000000000000075e-01
8.338999999999999746e-01
8.443000000000000504e-01
8.493000000000000549e-01
8.538999999999999924e-01
8.566000000000000281e-01
8.578000000000000069e-01
8.595000000000000417e-01
8.608000000000000096e-01
8.617000000000000215e-01
8.637000000000000233e-01
8.639999999999999902e-01
8.653999999999999471e-01
8.655000000000000471e-01
8.659999999999999920e-01
8.660999999999999810e-01
8.665000000000000480e-01
8.668000000000000149e-01
8.671999999999999709e-01
8.676000000000000378e-01
8.678000000000000158e-01
8.687000000000000277e-01
8.680999999999999828e-01
8.689000000000000057e-01
8.688000000000000167e-01
8.686000000000000387e-01
8.685000000000000497e-01
8.689000000000000057e-01
8.696000000000000396e-01
8.700999999999999845e-01
8.699000000000000066e-01
8.705000000000000515e-01
8.703999999999999515e-01
8.700999999999999845e-01
8.699000000000000066e-01
8.707000000000000295e-01
8.705000000000000515e-01
8.701999999999999735e-01
8.707000000000000295e-01
8.709999999999999964e-01
8.717000000000000304e-01
8.716000000000000414e-01
8.712999999999999634e-01
8.720999999999999863e-01
8.725000000000000533e-01
8.726000000000000423e-01
8.729000000000000092e-01
8.730999999999999872e-01
8.727000000000000313e-01
8.723999999999999533e-01
8.731999999999999762e-01
8.732999999999999652e-01
8.732999999999999652e-01
8.738000000000000211e-01
8.735000000000000542e-01
8.732999999999999652e-01
8.729999999999999982e-01
8.736000000000000432e-01
8.740999999999999881e-01
8.733999999999999542e-01
8.739000000000000101e-01
8.733999999999999542e-01
8.731999999999999762e-01
8.729000000000000092e-01
8.729999999999999982e-01
8.730999999999999872e-01
8.735000000000000542e-01
8.737000000000000322e-01
8.736000000000000432e-01
8.737000000000000322e-01
8.739999999999999991e-01
8.735000000000000542e-01
8.737000000000000322e-01
8.741999999999999771e-01
8.738000000000000211e-01
8.737000000000000322e-01
8.733999999999999542e-01
8.739999999999999991e-01
8.739000000000000101e-01
8.736000000000000432e-01
8.739000000000000101e-01
8.741999999999999771e-01
8.738000000000000211e-01
8.736000000000000432e-01
8.733999999999999542e-01
8.737000000000000322e-01
8.743999999999999551e-01
8.747000000000000330e-01
8.749000000000000110e-01
8.750000000000000000e-01
8.749000000000000110e-01
8.746000000000000441e-01
8.748000000000000220e-01
8.751999999999999780e-01
8.749000000000000110e-01
8.750000000000000000e-01
8.750999999999999890e-01
8.750999999999999890e-01
8.759000000000000119e-01
8.760000000000000009e-01
8.760000000000000009e-01
8.757000000000000339e-01
8.760999999999999899e-01
8.764999999999999458e-01
8.760000000000000009e-01
8.761999999999999789e-01
8.758000000000000229e-01
8.760000000000000009e-01
8.760999999999999899e-01
8.760999999999999899e-01
8.760999999999999899e-01
8.763999999999999568e-01
8.761999999999999789e-01
8.762999999999999678e-01
8.767000000000000348e-01
8.766000000000000458e-01
8.762999999999999678e-01
8.763999999999999568e-01
8.764999999999999458e-01
8.766000000000000458e-01
8.762999999999999678e-01
8.767000000000000348e-01
8.768000000000000238e-01
8.771999999999999797e-01
8.774999999999999467e-01
8.778000000000000247e-01
8.774999999999999467e-01
8.778000000000000247e-01
8.776000000000000467e-01
8.773999999999999577e-01
8.779000000000000137e-01
8.780000000000000027e-01
8.772999999999999687e-01
8.776000000000000467e-01
8.777000000000000357e-01
8.779000000000000137e-01
8.780000000000000027e-01
8.782999999999999696e-01
8.781999999999999806e-01
8.786000000000000476e-01
8.788000000000000256e-01
8.788000000000000256e-01
8.790000000000000036e-01
8.783999999999999586e-01
8.782999999999999696e-01
8.790999999999999925e-01
8.790999999999999925e-01
8.790000000000000036e-01
8.789000000000000146e-01
