6.280286762540785048e+02
6.275075645341805739e+02
5.932939238793281902e+02
5.567985508489181257e+02
5.445514149391802903e+02
5.420980892107836553e+02
5.284555409547706404e+02
5.120018694526905847e+02
4.914434186046465811e+02
4.845150916903265284e+02
4.829479098236874961e+02
4.812158794799415773e+02
4.651660710292637759e+02
4.582613397857483619e+02
4.525625122667410096e+02
4.472635643331605593e+02
4.394421509641563830e+02
4.276191227728746753e+02
4.000574622495517474e+02
3.975774904078183454e+02
3.905312343484933990e+02
3.838898031041740069e+02
3.797446766961148228e+02
3.718678206854168025e+02
3.714308556753995845e+02
3.476786900789274455e+02
3.356890324003682053e+02
3.337206449318674117e+02
3.322857588350140077e+02
3.204410701352330193e+02
3.158927914388088993e+02
3.138998180419567348e+02
3.120034975491386149e+02
2.983046324473376671e+02
2.926250648109090093e+02
2.852364087731367022e+02
2.829992368687204589e+02
2.811568396959403344e+02
2.694906713851289055e+02
2.543567224826000199e+02
2.475515917225046962e+02
2.470204244549879036e+02
2.444004642939671896e+02
2.398428515808648172e+02
2.378507232137901610e+02
2.363179521101589557e+02
2.341218558323501497e+02
2.281121816176045911e+02
2.277540756690633259e+02
2.266370447545539832e+02
2.071281529916665818e+02
2.036554625878254683e+02
2.000243786272836815e+02
1.937083455914477668e+02
1.933283042533648484e+02
1.882992280231698032e+02
1.856436845796378350e+02
1.846153069179534612e+02
1.761482666475280325e+02
1.749250225787718875e+02
1.741126951008197921e+02
1.701901968166519623e+02
1.671871907341786994e+02
1.665232110464827144e+02
1.598799411865207958e+02
1.568999337167356884e+02
1.501587180603569038e+02
1.412838169826771662e+02
1.313736059061930632e+02
1.266554158859334649e+02
1.227599954209868685e+02
1.148013168295304069e+02
1.140638879401989527e+02
1.103957378194139665e+02
1.011062967284927225e+02
9.041075522030401146e+01
8.545012209019226646e+01
7.959742724509501954e+01
7.313823717585287909e+01
7.163732566750577746e+01
7.125431781393776021e+01
6.990229314104961134e+01
6.814577282290574090e+01
6.784605506395399743e+01
6.328125207003826347e+01
5.919603089380381533e+01
5.873375880766311496e+01
5.556852080320437182e+01
5.046015305223642855e+01
5.044397462867650006e+01
5.002447963152862087e+01
4.798815246203285056e+01
4.691598237762244139e+01
4.685040331408070102e+01
4.656548253277362903e+01
4.640746480739900193e+01
4.610024181457470860e+01
4.196964246795742071e+01
3.977726210698048703e+01
3.844696359276588282e+01
3.808871471795224295e+01
3.395052568560975459e+01
3.392023066833584011e+01
3.324563662054951863e+01
3.236556304106872517e+01
3.066129968118617910e+01
3.007589526834447469e+01
2.940459059615782778e+01
2.795666440266129982e+01
2.716287563144176431e+01
2.153709756541195119e+01
2.055116059274062223e+01
2.028364834248384696e+01
1.889228959695327958e+01
1.879910156174979718e+01
1.847805476730232499e+01
1.470872628248481284e+01
1.458575761045977437e+01
1.318233260886345803e+01
1.310612196110491645e+01
1.297010061811227466e+01
1.254737863885039850e+01
1.186054733812876805e+01
1.171909598799706664e+01
1.170311233263850959e+01
1.128565327139065921e+01
1.115460557778326134e+01
1.089532588620313192e+01
9.678536760012002915e+00
8.369241721138413581e+00
8.173414124546232173e+00
7.712972291931781577e+00
7.363052168213820359e+00
6.583209250217878505e+00
6.149250542775619444e+00
6.052929797364141606e+00
5.951459977970365856e+00
5.823267509801232755e+00
5.765226185730036867e+00
5.712929551076848966e+00
5.575251489170850228e+00
5.556966292777336669e+00
5.085369041297932213e+00
4.999046031576558136e+00
4.972412744962187325e+00
4.966912371668126269e+00
4.859292034878947675e+00
4.600469502375608144e+00
4.478046758647193926e+00
4.470489328331098910e+00
4.468091673325493396e+00
