6.413613773119096777e+02
6.360474638721093470e+02
5.747756653031908627e+02
5.653229848662641643e+02
5.531292397660606639e+02
4.908151564730084147e+02
4.451177602253340524e+02
4.414205854669031623e+02
4.242394156699320433e+02
3.805061997021805382e+02
3.749467006799474120e+02
3.742646752679797828e+02
3.686909868582531544e+02
3.575407514393275505e+02
3.513763501413679364e+02
3.496975927790835499e+02
3.328392863070963585e+02
3.257377392665359821e+02
3.212484344347464003e+02
3.156312841287648894e+02
3.059894226439276395e+02
3.022617980122741415e+02
2.972843264392663514e+02
2.872369755802209284e+02
2.823854516934168259e+02
2.699954408592961954e+02
2.673056804714246368e+02
2.589356788649570262e+02
2.555313104539713720e+02
2.398626155924745547e+02
2.381670574936313756e+02
2.375363311995638753e+02
2.362804399652705456e+02
2.359675054065685060e+02
2.343083450349851660e+02
2.295790712600395125e+02
2.286263910074616206e+02
2.244347427125660204e+02
2.206756012290672970e+02
2.165309237224191747e+02
2.053194698149208932e+02
2.042339305912089458e+02
2.006778248122095079e+02
2.003814482744176928e+02
1.929395694229531557e+02
1.893830709762430899e+02
1.867134816495345433e+02
1.848581296993492060e+02
1.827195687700827307e+02
1.807572420435311642e+02
1.726870052284947405e+02
1.695850336642005232e+02
1.667153688191617960e+02
1.619951161933452966e+02
1.616961460102657497e+02
1.596537356919557453e+02
1.558826512378574307e+02
1.505061011950028842e+02
1.422771474082843497e+02
1.410373700008152298e+02
1.401190868620375340e+02
1.387293749369160025e+02
1.380814571801068382e+02
1.359339781345313440e+02
1.354366995122859976e+02
1.325473611100740357e+02
1.317137928113107535e+02
1.290341236586123443e+02
1.227768600587794339e+02
1.149432903094719336e+02
1.128256903341862198e+02
1.108562859960559450e+02
1.082516313444059364e+02
1.081187069165224415e+02
1.046200418442957698e+02
1.041689571779493946e+02
1.000235814956055407e+02
9.745039837062073218e+01
9.016194551525768475e+01
8.780256211837931346e+01
8.747224594433662048e+01
8.634357033206077858e+01
8.549649041254146198e+01
8.515626692330944536e+01
8.289121545374393918e+01
8.146900107588571416e+01
8.117727337658681108e+01
7.297895976891877012e+01
7.274406848022488248e+01
7.107532990444589416e+01
7.047977068287548263e+01
6.978351318674697268e+01
6.549373963232498852e+01
6.458452796093986592e+01
6.305921157273272826e+01
6.282439045854319914e+01
6.175620627573658084e+01
6.084872068064733241e+01
6.067357823857489052e+01
6.010015860267370158e+01
5.968871491294176224e+01
5.866313227122422802e+01
5.845451353872677203e+01
5.593668652693684606e+01
5.494036157089862371e+01
5.474309539063271046e+01
5.384922677364684773e+01
5.242803360567572923e+01
5.103817403971112299e+01
4.972254987007453764e+01
4.780274824773715636e+01
4.673923862935497908e+01
4.639305416539551885e+01
4.607051963646630099e+01
4.501884347018189203e+01
4.297044508881113245e+01
4.278811967553439644e+01
4.175729335420492561e+01
4.155953318156035436e+01
4.068750400353999908e+01
3.808437923750275900e+01
3.684701505961495371e+01
3.651559180218078637e+01
3.622240611239228514e+01
3.612514113097267199e+01
3.594908064389426272e+01
3.510319395692331312e+01
3.385850115415144757e+01
3.370723837792971267e+01
3.301771831406096425e+01
3.256671389439507180e+01
3.222582553329804256e+01
3.114788884013276515e+01
2.891499886285481935e+01
2.868537629003261813e+01
2.801252364781671034e+01
2.718902815357548874e+01
2.648814515534371949e+01
2.625302012257818873e+01
2.584879197824905006e+01
2.553679189451189302e+01
2.542237017671470056e+01
2.517492469627529417e+01
2.463957986797498378e+01
2.406104816534420365e+01
2.320412777633389823e+01
2.201036321090978021e+01
2.129937048689719958e+01
2.059500487388129031e+01
2.039617220717595458e+01
1.977061732851166198e+01
