1.486571998862057740e+02
8.443850107526108673e+01
6.736415627668779393e+01
6.017186934598839798e+01
5.486939014892220001e+01
5.132210074991728987e+01
4.826507578542390320e+01
4.582248302924008243e+01
4.377707827537584251e+01
4.173404307626400822e+01
4.024263057604248672e+01
3.857966004146367567e+01
3.750635661347470062e+01
3.622921416509581860e+01
3.545480106070011317e+01
3.461937186002071343e+01
3.395105225150665262e+01
3.324801276704705089e+01
3.257427728998347050e+01
3.195670961853567604e+01
3.123695440906583087e+01
3.075942686226002465e+01
3.029336462430720545e+01
2.977147183366185601e+01
2.932400177004158337e+01
2.886085083115558447e+01
2.849401166264849294e+01
2.798070677531609363e+01
2.759767351333592700e+01
2.703229394276114661e+01
2.672028157405375026e+01
2.616589251567453189e+01
2.590327780841323246e+01
2.548612329931605203e+01
2.525569265375090211e+01
2.475651245971442904e+01
2.458053128112002383e+01
2.412554023828594296e+01
2.407290378836213662e+01
2.365058730064718162e+01
2.369449897616463474e+01
2.334228205982326543e+01
2.343031018346482597e+01
2.304576277220542124e+01
2.315210367633979871e+01
2.269870229943196449e+01
2.282241334881631190e+01
2.244396381549720232e+01
2.250617498815676498e+01
2.203328889732102169e+01
2.204281436900006241e+01
2.159530846109135638e+01
2.159953764063794424e+01
2.113534805692953711e+01
2.116394457600475576e+01
2.071832314425567034e+01
2.071337519262036508e+01
2.030626271579650322e+01
2.027826090813172399e+01
1.982535547078036231e+01
1.975289556473398633e+01
1.931323113397345992e+01
1.923711494481631235e+01
1.888789559128897722e+01
1.884003650674407737e+01
1.847959626675950773e+01
1.838026767686627494e+01
1.804097233668439415e+01
1.792740046002978005e+01
1.763073678022341184e+01
1.752595757065391524e+01
1.726870764983229734e+01
1.715924715677436652e+01
1.693021414716460171e+01
1.682056569039495031e+01
1.661194487466865866e+01
1.649138627845282556e+01
1.630617934509314537e+01
1.620284080798513671e+01
1.605250388554727081e+01
1.595204837746476301e+01
1.582667806878347605e+01
1.572923346125801736e+01
1.562093381773676626e+01
1.553340677964113681e+01
1.544543235704108852e+01
1.536658823170973598e+01
1.529132463315525037e+01
1.522021961972972548e+01
1.515616142401461275e+01
1.509291805513440998e+01
1.503990012417461841e+01
1.498367077712928008e+01
1.493801022380148602e+01
1.488855966040924450e+01
1.484800133207826711e+01
1.480376258677735102e+01
1.476719479793608159e+01
1.472711498537300479e+01
1.469304373867282543e+01
1.465640837353482162e+01
1.462421155995546762e+01
1.458958733900358773e+01
1.455860320182665824e+01
1.452623753990257072e+01
1.449615795291711962e+01
1.446515819486027610e+01
1.443585066675971262e+01
1.440592400463017775e+01
1.437748367189167276e+01
1.434890978512584425e+01
1.432099938079354118e+01
1.429326048164721108e+01
1.426621230233711479e+01
1.423903089910113806e+01
1.421270728498983438e+01
1.418648133348182405e+01
1.416081863184599143e+01
1.413536322269330014e+01
1.411020228676911259e+01
1.408540592885154474e+01
1.406084917201546780e+01
1.403667478906339383e+01
1.401300100116305103e+01
1.398938033803638170e+01
1.396624807390136702e+01
1.394305803284440337e+01
1.392043564573181058e+01
1.389794429289872646e+01
1.387574195362382135e+01
1.385389539982832297e+01
1.383245216598166571e+01
1.381087419309722009e+01
1.378967908151706290e+01
1.376897172177872797e+01
1.374817308390696802e+01
1.372770846259680688e+01
1.370747952128950686e+01
1.368748611727388109e+01
1.366773824330484643e+01
1.364822092912696228e+01
1.362894916810140167e+01
1.360978405038923533e+01
1.359097911161494032e+01
1.357212619615844318e+01
1.355381187140672061e+01
1.353516090733422672e+01
1.351718653793418490e+01
1.349918129510831832e+01
1.348136765856534680e+01
1.346395096407100134e+01
