9.120000000000000329e-02
9.229999999999999316e-02
8.128999999999999559e-01
8.505000000000000338e-01
8.666000000000000369e-01
8.751999999999999780e-01
8.811999999999999833e-01
8.849000000000000199e-01
8.880000000000000115e-01
8.911000000000000032e-01
8.932999999999999829e-01
8.954999999999999627e-01
8.961999999999999966e-01
8.977000000000000535e-01
8.983999999999999764e-01
8.992999999999999883e-01
9.002999999999999892e-01
9.013999999999999790e-01
9.020000000000000240e-01
9.026999999999999469e-01
9.035999999999999588e-01
9.042999999999999927e-01
9.048000000000000487e-01
9.056999999999999496e-01
9.063999999999999835e-01
9.068000000000000504e-01
9.072000000000000064e-01
9.072999999999999954e-01
9.073999999999999844e-01
9.078000000000000513e-01
9.084999999999999742e-01
9.091000000000000192e-01
9.096999999999999531e-01
9.098000000000000531e-01
9.103999999999999870e-01
9.106999999999999540e-01
9.110000000000000320e-01
9.112999999999999989e-01
9.119000000000000439e-01
9.122000000000000108e-01
9.125999999999999668e-01
9.126999999999999558e-01
9.130000000000000338e-01
9.131000000000000227e-01
9.134999999999999787e-01
9.135999999999999677e-01
9.135999999999999677e-01
9.136999999999999567e-01
9.141000000000000236e-01
9.142000000000000126e-01
9.145999999999999686e-01
9.146999999999999575e-01
9.152000000000000135e-01
9.153999999999999915e-01
9.157999999999999474e-01
9.162000000000000144e-01
9.163999999999999924e-01
9.163999999999999924e-01
9.165999999999999703e-01
9.165999999999999703e-01
9.165999999999999703e-01
9.163999999999999924e-01
9.160000000000000364e-01
9.160000000000000364e-01
9.160000000000000364e-01
9.162000000000000144e-01
9.163000000000000034e-01
9.162000000000000144e-01
9.162000000000000144e-01
9.163000000000000034e-01
9.164999999999999813e-01
9.166999999999999593e-01
9.170000000000000373e-01
9.171000000000000263e-01
9.171000000000000263e-01
9.172000000000000153e-01
9.171000000000000263e-01
9.171000000000000263e-01
9.171000000000000263e-01
9.172000000000000153e-01
9.173999999999999932e-01
9.174999999999999822e-01
9.173999999999999932e-01
9.175999999999999712e-01
9.174999999999999822e-01
9.174999999999999822e-01
9.176999999999999602e-01
9.175999999999999712e-01
9.175999999999999712e-01
9.177999999999999492e-01
9.177999999999999492e-01
9.180000000000000382e-01
9.180000000000000382e-01
9.179000000000000492e-01
9.179000000000000492e-01
9.179000000000000492e-01
9.180000000000000382e-01
9.179000000000000492e-01
9.177999999999999492e-01
9.180000000000000382e-01
9.180000000000000382e-01
9.182000000000000162e-01
9.183000000000000052e-01
9.183999999999999941e-01
9.183999999999999941e-01
9.181000000000000272e-01
9.180000000000000382e-01
9.181000000000000272e-01
9.182000000000000162e-01
9.183000000000000052e-01
9.183999999999999941e-01
9.183999999999999941e-01
9.183000000000000052e-01
9.183999999999999941e-01
9.185999999999999721e-01
9.186999999999999611e-01
9.185999999999999721e-01
9.183999999999999941e-01
9.184999999999999831e-01
9.187999999999999501e-01
9.189000000000000501e-01
9.189000000000000501e-01
9.189000000000000501e-01
9.190000000000000391e-01
9.191000000000000281e-01
9.192000000000000171e-01
9.192000000000000171e-01
9.193000000000000060e-01
9.194999999999999840e-01
9.194999999999999840e-01
9.194999999999999840e-01
9.194999999999999840e-01
9.196999999999999620e-01
9.197999999999999510e-01
9.196999999999999620e-01
9.194999999999999840e-01
9.193000000000000060e-01
9.192000000000000171e-01
9.191000000000000281e-01
9.191000000000000281e-01
9.192000000000000171e-01
9.192000000000000171e-01
9.193000000000000060e-01
9.193000000000000060e-01
9.193000000000000060e-01
9.193999999999999950e-01
9.194999999999999840e-01
9.195999999999999730e-01
9.195999999999999730e-01
9.195999999999999730e-01
9.196999999999999620e-01
