7.832936352408470154e+09
7.832831542793635368e+09
7.832831229384949684e+09
7.832830976802037239e+09
7.832830751366969109e+09
7.832830554799350739e+09
7.832830375622349739e+09
7.832830211787439346e+09
7.832830064635313034e+09
7.832829933129743576e+09
7.832829809887659073e+09
7.832829702554038048e+09
7.832829598442578316e+09
7.832829504638548851e+09
7.832829414744918823e+09
7.832829329758843422e+09
7.832829243418590546e+09
7.832829165505558968e+09
7.832829092176874161e+09
7.832829022362760544e+09
7.832828954911409378e+09
7.832828890240978241e+09
7.832828829887207985e+09
7.832828768281324387e+09
7.832828709726503372e+09
7.832828653826056480e+09
7.832828599624162674e+09
7.832828548603520393e+09
7.832828498290490150e+09
7.832828450208139420e+09
7.832828400925240517e+09
7.832828355796263695e+09
7.832828310449250221e+09
7.832828268498172760e+09
7.832828225847970963e+09
7.832828185036912918e+09
7.832828142701944351e+09
7.832828101779806137e+09
7.832828062429330826e+09
7.832828027520118713e+09
7.832827990841289520e+09
7.832827954240545273e+09
7.832827917685521126e+09
7.832827884425094604e+09
7.832827852383163452e+09
7.832827820351592064e+09
7.832827788094589233e+09
7.832827757153078079e+09
7.832827725519936562e+09
7.832827696019807816e+09
7.832827665391737938e+09
7.832827635447198868e+09
7.832827604799255371e+09
7.832827576119963646e+09
7.832827545324728966e+09
7.832827518429999352e+09
7.832827487243102074e+09
7.832827461217292786e+09
7.832827431079319954e+09
7.832827404865447044e+09
7.832827379292073250e+09
7.832827352733491898e+09
7.832827325349958420e+09
7.832827300487318993e+09
7.832827275497062683e+09
7.832827252248709679e+09
7.832827228651410103e+09
7.832827206211363792e+09
7.832827182654033661e+09
7.832827161204102516e+09
7.832827139198624611e+09
7.832827118599254608e+09
7.832827096384111404e+09
7.832827076260911942e+09
7.832827054460298538e+09
7.832827034829337120e+09
7.832827013571175575e+09
7.832826994772624969e+09
7.832826973937741280e+09
7.832826955464934349e+09
7.832826935302899361e+09
7.832826917077633858e+09
7.832826897488925934e+09
7.832826879642095566e+09
7.832826860627047539e+09
7.832826843136888504e+09
7.832826824193782806e+09
7.832826807180712700e+09
7.832826788912761688e+09
7.832826772455424309e+09
7.832826754245563507e+09
7.832826738014695168e+09
7.832826720354092598e+09
7.832826703816926003e+09
7.832826687079974174e+09
7.832826671655856133e+09
7.832826654508366585e+09
7.832826639431344032e+09
7.832826622660881996e+09
7.832826607847663879e+09
7.832826591513838768e+09
7.832826576498997688e+09
7.832826560676216125e+09
7.832826546418050766e+09
7.832826530551436424e+09
7.832826517056973457e+09
7.832826501294116974e+09
7.832826487616365433e+09
7.832826472347820282e+09
7.832826457928674698e+09
7.832826443774847984e+09
7.832826430763348579e+09
7.832826416079570770e+09
7.832826403287309647e+09
7.832826388542830467e+09
7.832826375877316475e+09
7.832826361586022377e+09
7.832826347453412056e+09
7.832826332819580078e+09
7.832826321296419144e+09
7.832826308006883621e+09
7.832826295974959373e+09
7.832826281132141113e+09
7.832826262408136368e+09
7.832826247195276260e+09
7.832826235406772614e+09
7.832826220721771240e+09
7.832826206338358879e+09
7.832826191866867065e+09
7.832826177254838943e+09
7.832826164292243004e+09
7.832826153465352058e+09
7.832826139340600967e+09
7.832826125733304977e+09
7.832826111320919037e+09
7.832826099562788963e+09
7.832826085971297264e+09
7.832826074028547287e+09
7.832826060747180939e+09
7.832826048478111267e+09
7.832826036195838928e+09
7.832826024171523094e+09
7.832826011752387047e+09
7.832826000355208397e+09
7.832825987067424774e+09
7.832825976083554268e+09
7.832825964352249146e+09
7.832825955442121506e+09
7.832825943715557098e+09
7.832825932666097641e+09
