4.328067756907274521e+00
2.096298202142516054e+00
2.030545526700012537e+00
2.029858863630272570e+00
2.029859160781794181e+00
2.029853747214818149e+00
2.029857867874745647e+00
2.029858419565104377e+00
2.029860773115070849e+00
2.029857434607036826e+00
2.029856349421139683e+00
2.029856171928567932e+00
2.029859520979735876e+00
2.029859595776659198e+00
2.029856209053837013e+00
2.029857590450789395e+00
2.029856158616976991e+00
2.029858597942718834e+00
2.029856759563496205e+00
2.029855657893886445e+00
2.029859297537555118e+00
2.029856016009167874e+00
2.029856952916615942e+00
2.029857297312661402e+00
2.029858674076033154e+00
2.029856416262941110e+00
2.029857096346890266e+00
2.029857640588603296e+00
2.029858491429492151e+00
2.029857795850285029e+00
2.029858399671260027e+00
2.029856372185358637e+00
2.029858039560858529e+00
2.029857179510795362e+00
2.029859279250736837e+00
2.029856748260974175e+00
2.029856748112114584e+00
2.029857929897553426e+00
2.029857615109311730e+00
2.029857569917163929e+00
2.029857762313807434e+00
2.029858014292003965e+00
2.029857057055882930e+00
2.029858336504782201e+00
2.029856830965563130e+00
2.029858275982157956e+00
2.029856801529221322e+00
2.029857456610607791e+00
2.029858966549462629e+00
2.029858352012035905e+00
2.029856880082219206e+00
2.029858229478259446e+00
2.029857451198504137e+00
2.029857352020927763e+00
2.029857444717718895e+00
2.029857734850803119e+00
2.029857804892201134e+00
2.029857461400345731e+00
2.029857760838164715e+00
2.029857268824461158e+00
2.029857036511335533e+00
2.029856115234269787e+00
2.029857832894643277e+00
2.029857482818240300e+00
2.029858150086723878e+00
2.029858455170526987e+00
2.029857881472000081e+00
2.029857651042022759e+00
2.029857563389122266e+00
2.029858109177288927e+00
2.029857437626195971e+00
2.029857921789447683e+00
2.029855977566421998e+00
2.029857616921018515e+00
2.029857616903462780e+00
2.029857616930760500e+00
2.029857616893282479e+00
2.029857617042273521e+00
2.029857616974119150e+00
2.029857616936207698e+00
2.029857617025289773e+00
2.029857616964481526e+00
2.029857616938265163e+00
2.029857616932064346e+00
2.029857616945414556e+00
2.029857616908794071e+00
2.029857616957132294e+00
2.029857616932316144e+00
2.029857616908651075e+00
2.029857616986318281e+00
2.029857616963004929e+00
2.029857616966380451e+00
2.029857616905563322e+00
2.029857616999922065e+00
2.029857616963057776e+00
2.029857616954000576e+00
2.029857616965088152e+00
2.029857616939690246e+00
2.029857616987475577e+00
2.029857616963278488e+00
2.029857616924721331e+00
2.029857616967205569e+00
2.029857616959145794e+00
2.029857616977105650e+00
2.029857616984290125e+00
2.029857616942301046e+00
2.029857616913979701e+00
2.029857616969396261e+00
2.029857616954798605e+00
2.029857616957985833e+00
2.029857616957035926e+00
2.029857616962525313e+00
2.029857616928967268e+00
2.029857616947849497e+00
2.029857616940694331e+00
2.029857616973244294e+00
2.029857617042523099e+00
2.029857616967496892e+00
2.029857616945291543e+00
2.029857616969870104e+00
2.029857616961167288e+00
2.029857616947488896e+00
2.029857616953490762e+00
2.029857616953494315e+00
2.029857616964344302e+00
2.029857616954929611e+00
2.029857616948915311e+00
2.029857616960139666e+00
2.029857616947781551e+00
2.029857616953796295e+00
2.029857616955592192e+00
2.029857616962638112e+00
2.029857616951035837e+00
2.029857616937003506e+00
2.029857616970324852e+00
2.029857616943607557e+00
2.029857616982175816e+00
2.029857616969068079e+00
2.029857616944484189e+00
2.029857616951789900e+00
2.029857616963395728e+00
2.029857616943482768e+00
2.029857616963560485e+00
2.029857616956944444e+00
2.029857616979707124e+00
2.029857616956410649e+00
2.029857616951539434e+00
2.029857616974208412e+00
2.029857616968046230e+00
2.029857616947572385e+00
2.029857616947746024e+00
