6.336942340101960554e+02
3.000670643616594680e+04
3.186917164915255489e+04
3.166080154533483073e+04
3.191356144417548785e+04
3.181369197462498050e+04
3.189279469450876786e+04
3.184263609779868057e+04
3.193682599669690171e+04
3.203694174409495099e+04
3.175419724476522606e+04
3.172617675464717468e+04
3.191398615511469688e+04
3.198446078224616940e+04
3.189517985424216022e+04
3.188263827471545301e+04
3.177410065517599287e+04
3.187331628022341101e+04
3.186157271055887395e+04
3.176451333472665283e+04
3.176272150500180942e+04
3.191691582997333535e+04
3.176788113061865806e+04
3.186470073053028682e+04
3.186222471317593954e+04
3.178267266328404367e+04
3.175858713396772509e+04
3.175272510419021273e+04
3.179370735625776797e+04
3.179877552670998921e+04
3.159871301069475885e+04
3.196508488589962144e+04
3.168812600997128902e+04
3.181856770249541296e+04
3.188101253626648031e+04
3.193444889525913459e+04
3.169957816055035801e+04
3.171937044142961167e+04
3.185224080985143883e+04
3.169604937927838182e+04
3.210335138331831331e+04
3.177617283641702306e+04
3.190874786554546154e+04
3.187549624932238294e+04
3.173132239289353311e+04
3.196208944205376974e+04
3.184046129900263986e+04
3.201110619067410153e+04
3.180641567355214283e+04
3.169440042270761478e+04
3.186845925179435289e+04
3.193070340032913373e+04
3.185493061160519210e+04
3.187406867079981384e+04
3.180846210755543507e+04
3.169689862919017833e+04
3.168328557290544632e+04
3.178373560935814749e+04
3.177821231710896245e+04
3.185127515712250897e+04
3.197149862205313912e+04
3.180647226933465936e+04
3.188782310286343272e+04
3.177484146233092906e+04
3.172865172415348206e+04
3.187692014874330562e+04
3.180637349991280644e+04
3.181462530907389737e+04
3.192966956217482220e+04
3.167016768148278788e+04
3.193721122730833304e+04
3.181801171612794133e+04
3.177100296347626499e+04
3.189762285705410977e+04
3.164805160598710063e+04
3.189609717788492708e+04
3.176990744981423995e+04
3.208818862500347677e+04
3.186404413421066420e+04
3.179934461387091869e+04
3.186476345592783400e+04
3.175526904347041636e+04
3.178157599829507308e+04
3.184453667305241834e+04
3.190014253975652173e+04
3.183046984847194835e+04
3.197801965704338727e+04
3.182865163515384847e+04
3.190497611673084612e+04
3.186882083577748199e+04
3.176770526915772643e+04
3.198570339314563535e+04
3.179337467400022797e+04
3.182937870645522344e+04
3.175453241874296509e+04
3.188255154084073729e+04
3.207834362906840761e+04
3.171889232031649226e+04
3.204970781674935643e+04
3.192879905371806308e+04
3.186463454586932130e+04
3.168185554480927021e+04
3.168929132957003094e+04
3.167900374633603860e+04
3.189998439875081385e+04
3.182392020479528219e+04
3.179951600886084998e+04
3.184549764547293307e+04
3.197282575554330833e+04
3.172839031633720879e+04
3.186534741020131332e+04
3.186780498289297611e+04
3.206346776778234926e+04
3.194529829728143159e+04
3.180122651352770481e+04
3.174107717843055434e+04
3.198420432347032329e+04
3.166628659077649718e+04
3.176701112426953841e+04
3.191655899933194814e+04
3.188507401965556710e+04
3.185261918348959080e+04
3.196208068968032239e+04
3.180877456723432624e+04
3.176932635258047230e+04
3.176937858557838626e+04
3.173534880697804692e+04
3.186069352211070873e+04
3.172192502820802110e+04
3.181581028602616789e+04
3.190596584055521453e+04
3.189357370623671886e+04
3.193210104368671455e+04
3.175361623741831863e+04
3.186325481584059889e+04
3.190816248090155204e+04
3.198957989644082045e+04
3.183473658383832299e+04
3.172192705315559579e+04
3.179029191106863072e+04
3.190559266691630910e+04
3.177945243469570778e+04
3.197737660511377544e+04
3.172477868380331711e+04
3.175151464313795077e+04
3.183679885013890453e+04
3.189340481424065365e+04
3.182503683239825841e+04
3.173799910227887449e+04
3.194064927789774083e+04
3.177003061062760753e+04
