1.375891237903974798e+03
1.274913535141487955e+03
1.186604199669309537e+03
1.159890022424151311e+03
1.155014297145105274e+03
1.127068861246499637e+03
1.095616325416123800e+03
1.057610212233172888e+03
1.044715226587677535e+03
1.042307278253368622e+03
1.039233946474693994e+03
1.011382696783165102e+03
9.992563398126189895e+02
9.893448366662242961e+02
9.800194995130656253e+02
9.669244284984010847e+02
9.484827289006218507e+02
9.055171201017137719e+02
9.012621379187661432e+02
8.910096351722517056e+02
8.811141164955678278e+02
8.753941251934335241e+02
8.639793800393764514e+02
8.632629749702131221e+02
8.301494821614923012e+02
8.140076645324242008e+02
8.109973971485035236e+02
8.091920669347802004e+02
7.935354907169784155e+02
7.871832611983151082e+02
7.843638808320911266e+02
7.821739413928855811e+02
7.652324719474642052e+02
7.582183307390778282e+02
7.494711176567419670e+02
7.466832447147565972e+02
7.445393992565229837e+02
7.305054719003189803e+02
7.128442467361555828e+02
7.055455705680803931e+02
7.049422310176171322e+02
7.023079298777258828e+02
6.976707458926388199e+02
6.953897787641571995e+02
6.938922779017431139e+02
6.915035725339640749e+02
6.855530956054165017e+02
6.851909090323021019e+02
6.840756159489969832e+02
6.643953939875358401e+02
6.611994309138769950e+02
6.575863558363607808e+02
6.522670742492323370e+02
6.517956080077108254e+02
6.471297321482580855e+02
6.447984232213785845e+02
6.439628180381470202e+02
6.365250793373112401e+02
6.355364956521565318e+02
6.348910109738014853e+02
6.317202754011048000e+02
6.292321675394223348e+02
6.286498447990328486e+02
6.231424405954555823e+02
6.208883768190980845e+02
6.158622140439504165e+02
6.097850081255496661e+02
6.032653451949917098e+02
6.001214563180431014e+02
5.979619449180217998e+02
5.935228362584805382e+02
5.931860109132106800e+02
5.913140299797920534e+02
5.865842683244769660e+02
5.821199098789660411e+02
5.797486226900892916e+02
5.773943871742045530e+02
5.750455606102622141e+02
5.746332408104348133e+02
5.745230928340043874e+02
5.742107522871531273e+02
5.735961545072561876e+02
5.735273755586009656e+02
5.721092858694515826e+02
5.710131005190567066e+02
5.709761471507906663e+02
5.702750277170600839e+02
5.690840175261979539e+02
5.690731758123492909e+02
5.690084040293550061e+02
5.687678275979707223e+02
5.685361968317340597e+02
5.684962821125142227e+02
5.684536940804489404e+02
5.684163065184560537e+02
5.683116797991011708e+02
5.678078456842375772e+02
5.676090844191272708e+02
5.676517042985304897e+02
5.676721272935487832e+02
5.674086879204820661e+02
5.674017335788118999e+02
5.674734889072535680e+02
5.675035985818625477e+02
5.675841214992385630e+02
5.676568607772711630e+02
5.676077389881572799e+02
5.678512591236255957e+02
5.679098926740223305e+02
5.691535185043755973e+02
5.695020748019555867e+02
5.695798384334904085e+02
5.703872572105027530e+02
5.704132717528865442e+02
5.706093003415859357e+02
5.729128201370097031e+02
5.729484114772056955e+02
5.736158751836354668e+02
5.736624944504343375e+02
5.737379820965556974e+02
5.741317506586135551e+02
5.749186380963925558e+02
5.752135710160425788e+02
5.752106900478416946e+02
5.753868854148623768e+02
5.753723871180764036e+02
5.757213282997154238e+02
5.771849105522245509e+02
5.794222422823260104e+02
5.796935583568406400e+02
5.808180098899166524e+02
5.814967715548580145e+02
5.834619038658573800e+02
5.848920901406982011e+02
5.853015618710074932e+02
5.858194311583740728e+02
5.864761216942176816e+02
5.870695636143202591e+02
5.871371449701521215e+02
5.876787352809936920e+02
5.877614423609543337e+02
5.898587627189093610e+02
5.908048112123564124e+02
5.913970800918826853e+02
5.917877247000539001e+02
5.920691180477321041e+02
5.936646171720477696e+02
5.951410204399604709e+02
5.952613974689664929e+02
5.952883160166568359e+02
