7.419114661035108611e+02
7.040229726747625136e+02
6.979448816519201273e+02
6.938943080493627349e+02
6.904252651397961245e+02
6.874280366797655688e+02
6.847718582950428754e+02
6.823694716249520980e+02
6.802019912369563599e+02
6.782183876370637563e+02
6.764486891850610846e+02
6.747905560468107069e+02
6.732763019564081333e+02
6.718493480402246405e+02
6.705282318904996828e+02
6.692646776900286341e+02
6.680972035427705578e+02
6.669893452862105505e+02
6.659648687060423526e+02
6.649581598536448155e+02
6.640056404156322287e+02
6.630963057784869079e+02
6.622215294073203040e+02
6.613870219015549310e+02
6.605651755868867667e+02
6.597739830767822014e+02
6.590102841190816889e+02
6.582724678391817861e+02
6.575375040151382109e+02
6.568266582575598704e+02
6.561362003591295888e+02
6.554754814793798232e+02
6.548107768661986938e+02
6.541504162767871549e+02
6.535216995833900455e+02
6.529144439660339003e+02
6.523233708105235564e+02
6.517348944376805093e+02
6.511655282594080063e+02
6.506093361846637890e+02
6.500658833835821042e+02
6.495261182228916823e+02
6.490022819511156058e+02
6.484717119239843441e+02
6.479504861386193397e+02
6.474475846896127678e+02
6.469402352972473409e+02
6.464720012156903977e+02
6.459794050234584120e+02
6.454809537050297195e+02
6.450279818897394080e+02
6.445760267916338080e+02
6.441165913339648341e+02
6.436524488733451790e+02
6.432145086240238925e+02
6.427780705400458601e+02
6.423632007386555642e+02
6.419291316096216633e+02
6.415090805395780080e+02
6.410847441991728601e+02
6.406889930191595113e+02
6.402704764388043941e+02
6.398665399185441629e+02
6.394793018345654900e+02
6.390927796262978973e+02
6.386953401585507208e+02
6.383177067633796469e+02
6.379390199936281078e+02
6.375710564672878036e+02
6.372111283682627345e+02
6.368494546824985036e+02
6.364888303437460308e+02
6.361284891656703167e+02
6.357818344924849043e+02
6.354299659191292449e+02
6.350907586800360605e+02
6.347417484331615469e+02
6.343967016978161837e+02
6.340554667587736049e+02
6.337241083818297511e+02
6.333885662502557352e+02
6.330682869080659430e+02
6.327344169130176397e+02
6.324138459409115285e+02
6.320838714767646707e+02
6.317689587591580676e+02
6.314501227299989523e+02
6.311468339075488529e+02
6.308284171684379089e+02
6.305200746680033035e+02
6.302161778947209996e+02
6.299135623856525399e+02
6.296034833972656770e+02
6.293112365422549601e+02
6.290140205192528811e+02
6.287265712981205752e+02
6.284287749033053387e+02
6.281393304562354842e+02
6.278443928971096284e+02
6.275588086047927163e+02
6.272658130437994259e+02
6.269858388317964000e+02
6.266976236644248957e+02
6.264217398487965056e+02
6.261370149077048382e+02
6.258649598445135780e+02
6.255839774118611558e+02
6.253135989614446544e+02
6.250373404416817493e+02
6.247723931519476537e+02
6.244996001615725163e+02
6.242354934005730911e+02
6.239634104963844266e+02
6.236995547145882028e+02
6.234305671774475286e+02
6.231707836878007356e+02
6.229044925185535249e+02
6.226488532387438681e+02
6.223868588051147981e+02
6.221322382565496127e+02
6.218723910979844050e+02
6.216217852418752727e+02
6.213650815647342824e+02
6.211168271315234506e+02
6.208624841720323957e+02
6.206163188304437881e+02
6.203659119346064017e+02
6.201223880627358085e+02
6.198738019101788268e+02
6.196321507875528596e+02
6.193864010455549760e+02
6.191470304750603191e+02
6.189045060196220902e+02
6.186678306350510184e+02
6.184273540248191239e+02
6.181934266276692824e+02
6.179559755983867717e+02
6.177236065735928605e+02
6.174893007823158086e+02
6.172602932114864416e+02
6.170285988337652725e+02
6.168008348203175046e+02
6.165712809882512602e+02
6.163457524066398037e+02
6.161182652439767935e+02
6.158948583624852517e+02
6.156709285049544178e+02
6.154506810579642888e+02
6.152283371402022567e+02
6.150087588627505966e+02
