1.044999999999999957e-01
3.630999999999999783e-01
8.221000000000000529e-01
8.622999999999999554e-01
8.659999999999999920e-01
8.672999999999999599e-01
8.709000000000000075e-01
8.739999999999999991e-01
8.749000000000000110e-01
8.772999999999999687e-01
8.812999999999999723e-01
8.824999999999999512e-01
8.838000000000000300e-01
8.848000000000000309e-01
8.853999999999999648e-01
8.840000000000000080e-01
8.856000000000000538e-01
8.869000000000000217e-01
8.883999999999999675e-01
8.909000000000000252e-01
8.904999999999999583e-01
8.902999999999999803e-01
8.924999999999999600e-01
8.929000000000000270e-01
8.927000000000000490e-01
8.941000000000000059e-01
8.941000000000000059e-01
8.940000000000000169e-01
8.934999999999999609e-01
8.934999999999999609e-01
8.935999999999999499e-01
8.929000000000000270e-01
8.939000000000000279e-01
8.940000000000000169e-01
8.935999999999999499e-01
8.943999999999999728e-01
8.962999999999999856e-01
8.977000000000000535e-01
8.982999999999999874e-01
8.971999999999999975e-01
8.971999999999999975e-01
8.970000000000000195e-01
8.981000000000000094e-01
8.973999999999999755e-01
8.978000000000000425e-01
8.981000000000000094e-01
8.990000000000000213e-01
8.993999999999999773e-01
8.987000000000000544e-01
8.989000000000000323e-01
8.992999999999999883e-01
8.992999999999999883e-01
8.989000000000000323e-01
8.992999999999999883e-01
8.992999999999999883e-01
8.997000000000000552e-01
8.995999999999999552e-01
8.991999999999999993e-01
8.998000000000000442e-01
8.993999999999999773e-01
9.001000000000000112e-01
9.010000000000000231e-01
8.997000000000000552e-01
9.002999999999999892e-01
9.004999999999999671e-01
9.011000000000000121e-01
9.018000000000000460e-01
9.018000000000000460e-01
9.014999999999999680e-01
9.012999999999999901e-01
9.019000000000000350e-01
9.019000000000000350e-01
9.019000000000000350e-01
9.015999999999999570e-01
9.010000000000000231e-01
9.014999999999999680e-01
9.029000000000000359e-01
9.029000000000000359e-01
9.029000000000000359e-01
9.025999999999999579e-01
9.032000000000000028e-01
9.025999999999999579e-01
9.022999999999999909e-01
9.032999999999999918e-01
9.032000000000000028e-01
9.028000000000000469e-01
9.020000000000000240e-01
9.028000000000000469e-01
9.032000000000000028e-01
9.034999999999999698e-01
9.033999999999999808e-01
9.035999999999999588e-01
9.031000000000000139e-01
9.034999999999999698e-01
9.034999999999999698e-01
9.033999999999999808e-01
9.040000000000000258e-01
9.039000000000000368e-01
9.043999999999999817e-01
9.044999999999999707e-01
9.039000000000000368e-01
9.041000000000000147e-01
9.044999999999999707e-01
9.046999999999999487e-01
9.042999999999999927e-01
9.042000000000000037e-01
9.043999999999999817e-01
9.043999999999999817e-01
9.044999999999999707e-01
9.041000000000000147e-01
9.050000000000000266e-01
9.050000000000000266e-01
9.051000000000000156e-01
9.049000000000000377e-01
9.052999999999999936e-01
9.052000000000000046e-01
9.055999999999999606e-01
9.052999999999999936e-01
9.054999999999999716e-01
9.051000000000000156e-01
9.052000000000000046e-01
9.053999999999999826e-01
9.053999999999999826e-01
9.054999999999999716e-01
9.052000000000000046e-01
9.052000000000000046e-01
9.059000000000000385e-01
9.061000000000000165e-01
9.053999999999999826e-01
9.058000000000000496e-01
9.053999999999999826e-01
9.051000000000000156e-01
9.056999999999999496e-01
9.055999999999999606e-01
9.059000000000000385e-01
9.064999999999999725e-01
9.060000000000000275e-01
9.061000000000000165e-01
9.059000000000000385e-01
9.061000000000000165e-01
9.058000000000000496e-01
9.061000000000000165e-01
9.060000000000000275e-01
9.061000000000000165e-01
9.060000000000000275e-01
9.060000000000000275e-01
9.061000000000000165e-01
9.060000000000000275e-01
9.061000000000000165e-01
9.062000000000000055e-01
9.064999999999999725e-01
