1.312630765291682792e+03
1.301558046970800206e+03
1.295450723508454530e+03
1.290156075139210543e+03
1.284930897160557151e+03
1.280690703046704357e+03
1.276869726989182027e+03
1.273424302120866969e+03
1.270201248677530657e+03
1.267332489495459640e+03
1.264567279782884725e+03
1.261328299969000909e+03
1.258787308733437158e+03
1.256486881269520609e+03
1.254305712802030257e+03
1.252191443456183379e+03
1.250169641280594305e+03
1.248303710190064749e+03
1.246522857480948687e+03
1.244816897514345555e+03
1.243024760232518929e+03
1.241379801040334996e+03
1.239768846230985446e+03
1.238133392838052259e+03
1.236564662999723168e+03
1.235048253140048018e+03
1.233583759443477675e+03
1.232156571169529343e+03
1.230824012369074808e+03
1.229460805341141395e+03
1.228166626760818417e+03
1.226977599157251916e+03
1.225841168391211340e+03
1.224706311395323837e+03
1.223614904478390145e+03
1.222541752818301802e+03
1.221518083643723457e+03
1.220497889864501531e+03
1.219486508090567895e+03
1.218491644714082895e+03
1.217521895624529861e+03
1.216577989857562670e+03
1.215645188445343820e+03
1.214766483876642951e+03
1.213861864597850627e+03
1.213036486379560984e+03
1.212186408453331069e+03
1.211380494040364738e+03
1.210544899308323920e+03
1.209722140732001435e+03
1.208912576470193244e+03
1.208136778674295101e+03
1.207391464685844312e+03
1.206643470542594741e+03
1.205936144949106620e+03
1.205210684158567574e+03
1.204458316971411477e+03
1.203744063367641957e+03
1.203031515827247176e+03
1.202359071632972928e+03
1.201713892398830922e+03
1.201067920145096650e+03
1.200368122968642865e+03
1.199694033589322544e+03
1.199023819017125106e+03
1.198423420094866970e+03
1.197819334056647449e+03
1.197212141340874268e+03
1.196619836620364367e+03
1.196038257540913492e+03
1.195469416133128561e+03
1.194898776282758718e+03
1.194307163834344010e+03
1.193692546155343280e+03
1.193107507850692627e+03
1.192546666328481933e+03
1.191977974744350377e+03
1.191429705345564116e+03
1.190880382271255030e+03
1.190361742789155414e+03
1.189841464373889266e+03
1.189325225418515629e+03
1.188823191698616938e+03
1.188339065915261244e+03
1.187826725995977540e+03
1.187320156685254233e+03
1.186816884595592001e+03
1.186328159849494568e+03
1.185865802582445440e+03
1.185401259717896892e+03
1.184932956094198289e+03
1.184465100674468886e+03
1.183965693094921789e+03
1.183529360424322022e+03
1.183046401577690858e+03
1.182571366677032529e+03
1.182116226693384306e+03
1.181621466299759732e+03
1.181141589555150858e+03
1.180697773354306946e+03
1.180236530704166626e+03
1.179796998471181269e+03
1.179401561166469492e+03
1.178994046035072188e+03
1.178581130504407838e+03
1.178167812062833491e+03
1.177763135603515138e+03
1.177370456096469752e+03
1.176975277326342621e+03
1.176576391873223429e+03
1.176174385798513185e+03
1.175760971750111139e+03
1.175342214220858295e+03
1.174907724848203998e+03
1.174436883557398914e+03
1.173995510033759047e+03
1.173584785415280749e+03
1.173179998330783519e+03
1.172798592866948638e+03
1.172441538517954768e+03
1.172098410862055289e+03
1.171754514305024713e+03
1.171394072111090054e+03
1.171038595656158577e+03
1.170686965340870756e+03
1.170302140727868391e+03
1.169969814394478817e+03
1.169631955447591281e+03
1.169281140429010065e+03
1.168939407181167098e+03
1.168618221623859654e+03
1.168278045293670630e+03
1.167924308208951970e+03
1.167580805341424139e+03
1.167274925478219984e+03
1.166948620267689193e+03
1.166579059298035645e+03
1.166238083242446010e+03
1.165909880451288473e+03
1.165568333669736603e+03
1.165174864011368982e+03
1.164837853427422715e+03
1.164539956743124776e+03
1.164232717507044526e+03
1.163937455070669557e+03
1.163638612671883266e+03
1.163312712355075973e+03
1.162982736143793090e+03
1.162699117278667018e+03
1.162399367814016387e+03
