6.280286762540785048e+02
1.157466110103940693e+01
3.814022751199714252e-07
1.009139655212185262e-07
1.722711299857772436e-09
6.005288775487976170e-08
1.453464914699087760e-09
3.897425484267371571e-08
1.418762648344506971e-09
1.418062181800060564e-09
1.415909611764417858e-09
1.415796798240066566e-09
1.415839042380609474e-09
1.415839293187682853e-09
1.415877869315831986e-09
1.415877823604666046e-09
1.415877879626352117e-09
1.415877881204190244e-09
1.415877881338597994e-09
1.415877881408772482e-09
1.415877881528625162e-09
1.415877881531509955e-09
1.415877881825693638e-09
1.415877881825592515e-09
1.415877881825567492e-09
1.415877881825373312e-09
1.415877881825603268e-09
1.415877881825605336e-09
1.415877881825605129e-09
1.415877881825605129e-09
1.415877881825605129e-09
1.415877881825605129e-09
1.415877881825605129e-09
1.415877881825604922e-09
1.415877881825605129e-09
1.415877881825605129e-09
1.415877881825605129e-09
1.415877881825605129e-09
1.415877881825604922e-09
1.415877881825604922e-09
1.415877881825604922e-09
1.415877881825604922e-09
1.415877881825604922e-09
1.415877881825604922e-09
1.415877881825604922e-09
1.415877881825604922e-09
1.415877881825605129e-09
1.415877881825605129e-09
1.415877881825604922e-09
1.415877881825605129e-09
1.415877881825604922e-09
1.415877881825604922e-09
1.415877881825605129e-09
1.415877881825605129e-09
1.415877881825604922e-09
1.415877881825604922e-09
1.415877881825604922e-09
1.415877881825605129e-09
1.415877881825604922e-09
1.415877881825604922e-09
1.415877881825605129e-09
1.415877881825604922e-09
1.415877881825605129e-09
1.415877881825605129e-09
1.415877881825604922e-09
1.415877881825605129e-09
1.415877881825605129e-09
1.415877881825604922e-09
1.415877881825605129e-09
1.415877881825604716e-09
1.415877881825605129e-09
1.415877881825604922e-09
1.415877881825605129e-09
1.415877881825605129e-09
1.415877881825605129e-09
1.415877881825605129e-09
1.415877881825604922e-09
1.415877881825605129e-09
1.415877881825605129e-09
1.415877881825605129e-09
1.415877881825605129e-09
1.415877881825605129e-09
1.415877881825604922e-09
1.415877881825605129e-09
1.415877881825605129e-09
1.415877881825604922e-09
1.415877881825604922e-09
1.415877881825604922e-09
1.415877881825605129e-09
1.415877881825605129e-09
1.415877881825605129e-09
1.415877881825604922e-09
1.415877881825605129e-09
1.415877881825604922e-09
1.415877881825604922e-09
1.415877881825604922e-09
1.415877881825605129e-09
1.415877881825604716e-09
1.415877881825605129e-09
1.415877881825605129e-09
1.415877881825604922e-09
1.415877881825605129e-09
1.415877881825605129e-09
1.415877881825604716e-09
1.415877881825605129e-09
1.415877881825604922e-09
1.415877881825605129e-09
1.415877881825604922e-09
1.415877881825605336e-09
1.415877881825605129e-09
1.415877881825605129e-09
1.415877881825605129e-09
1.415877881825604922e-09
1.415877881825604922e-09
1.415877881825605336e-09
1.415877881825605129e-09
1.415877881825605129e-09
1.415877881825605129e-09
1.415877881825605129e-09
1.415877881825605129e-09
1.415877881825604922e-09
1.415877881825605129e-09
1.415877881825605129e-09
1.415877881825604922e-09
1.415877881825605129e-09
1.415877881825605129e-09
1.415877881825604922e-09
1.415877881825605129e-09
1.415877881825605129e-09
1.415877881825605129e-09
1.415877881825604922e-09
1.415877881825604922e-09
1.415877881825604922e-09
1.415877881825605129e-09
1.415877881825605129e-09
1.415877881825605129e-09
1.415877881825605129e-09
1.415877881825605129e-09
1.415877881825605129e-09
1.415877881825605129e-09
1.415877881825605129e-09
1.415877881825605129e-09
1.415877881825605129e-09
1.415877881825604922e-09
1.415877881825604922e-09
1.415877881825605129e-09
1.415877881825605129e-09
1.415877881825605129e-09
1.415877881825605129e-09
1.415877881825605129e-09
1.415877881825604922e-09
