1.150194235091980772e+02
6.824446021815764141e+01
5.436851189251427741e+01
4.793443125987511877e+01
4.344821916589338429e+01
4.045843303234785537e+01
3.860056448201934387e+01
3.699605632981270276e+01
3.551043156960518132e+01
3.447729330039092588e+01
3.351017980285080000e+01
3.247310408182321595e+01
3.166087007725073121e+01
3.088521911168593093e+01
2.999425261969774326e+01
2.967099295776547763e+01
2.887612126281472769e+01
2.855919446234401704e+01
2.822269451129070461e+01
2.735268432224665602e+01
2.694917665830909925e+01
2.568512008924709633e+01
2.522829224813006022e+01
2.455070620662353420e+01
2.423391855411631823e+01
2.409287567572034661e+01
2.380235103677754083e+01
2.372711667205873098e+01
2.359165321458849363e+01
2.347016297777759419e+01
2.321773694682718414e+01
2.274353934325831261e+01
2.230078659153289067e+01
2.163164659091730258e+01
2.130147226108979908e+01
2.096497109803589254e+01
2.071788813493549597e+01
2.045567119474559803e+01
2.018570623920603069e+01
1.991188249553807310e+01
1.964605746541895925e+01
1.938285994083928188e+01
1.912536315017113964e+01
1.887816161367479140e+01
1.862661704976301635e+01
1.839558707929981196e+01
1.815075054668337984e+01
1.793889899536805288e+01
1.770540085210648229e+01
1.751452644851545415e+01
1.729456843793861509e+01
1.712132063487252864e+01
1.691516372454339745e+01
1.675190719863378419e+01
1.655812910715313535e+01
1.639705380139353252e+01
1.621301714393828064e+01
1.605329356941039265e+01
1.587888908647432373e+01
1.572239103083286516e+01
1.556016065699087214e+01
1.540661010672031317e+01
1.525447037409116113e+01
1.510371818005305578e+01
1.495935694616754930e+01
1.481320581689844573e+01
1.467501144229348498e+01
1.453505074575157074e+01
1.440290385101632076e+01
1.427243892159840399e+01
1.415010632513580724e+01
1.403276732341523569e+01
1.392083640178829462e+01
1.381724226334467787e+01
1.371553227609917336e+01
1.362276511843071880e+01
1.353040833219146144e+01
1.344551208658956298e+01
1.336077084296370288e+01
1.328182097482861934e+01
1.320337221366988523e+01
1.312882262948133594e+01
1.305617041286604696e+01
1.298518390516796295e+01
1.291805602817551168e+01
1.285029367576948367e+01
1.278832128085157116e+01
1.272355623602338959e+01
1.266631914851481611e+01
1.260455713057573490e+01
1.255166033455878605e+01
1.249298533489260166e+01
1.244395041906153132e+01
1.238821560758206353e+01
1.234251617162513703e+01
1.228953544871644077e+01
1.224673767907030530e+01
1.219640974224230234e+01
1.215614007277725506e+01
1.210836741024872154e+01
1.207031011019002165e+01
1.202504944102253148e+01
1.198886764370211822e+01
1.194595074457162909e+01
1.191141998789618128e+01
1.187073708775304226e+01
1.183764534661998802e+01
1.179896740370742592e+01
1.176717990437489725e+01
1.173032468491257774e+01
1.169961285424588660e+01
1.166450618935664885e+01
1.163481204075968201e+01
1.160141210674328605e+01
1.157269426215116681e+01
1.154083403824769682e+01
1.151306063315937855e+01
1.148269126022874786e+01
1.145576215696614319e+01
1.142672188945269873e+01
1.140061116554370280e+01
1.137281752123705658e+01
1.134744394224810193e+01
1.132076899275572224e+01
1.129612775811707159e+01
1.127049399407808039e+01
1.124652100751994510e+01
1.122185499351038018e+01
1.119857191208923020e+01
1.117476436509261006e+01
1.115214153975916744e+01
1.112914431302656126e+01
1.110714377623883919e+01
1.108489083011349940e+01
1.106349597412887498e+01
1.104192970934897033e+01
1.102112823021099786e+01
1.100021496189717851e+01
1.097995769266101895e+01
1.095965157922788968e+01
1.093993130449190332e+01
1.092020097703102088e+01
1.090100457437426584e+01
1.088182235186292424e+01
1.086312029310503036e+01
1.084445458755113023e+01
1.082623550944161472e+01
1.080807949224591447e+01
1.079035805711750662e+01
1.077269100751942510e+01
1.075540735041091622e+01
