1.324563274477649884e+03
1.258849067955533974e+04
2.622545457253188215e+04
3.352966417568295583e+04
3.966452746658845717e+04
4.936067691200656554e+04
6.350334957448732166e+04
8.197351378367168945e+04
1.057285487109463429e+05
1.353953295029803703e+05
1.716369276435028587e+05
2.152793221010150155e+05
2.668475758144664578e+05
3.274533218788384693e+05
3.973241488623234909e+05
4.776169404526376165e+05
5.685450213705181377e+05
6.716635998017786769e+05
7.873982490806732094e+05
9.161020275928793708e+05
1.058570416916424409e+06
1.214876977087273961e+06
1.386570960206462536e+06
1.573966085459888913e+06
1.778076846005449072e+06
1.998615472910567420e+06
2.236987528989140876e+06
2.495293089231995400e+06
2.773227992859128863e+06
3.071066175404198468e+06
3.390717956001513638e+06
3.731722913260915782e+06
4.095668320564564317e+06
4.482134803035271354e+06
4.892042526978689246e+06
5.324467309617104940e+06
5.783021349199866876e+06
6.268214659518389031e+06
6.780585014808187261e+06
7.318970658640745096e+06
7.885277698961975053e+06
8.481450751572424546e+06
9.107290746489327401e+06
9.761422445235257968e+06
1.044509212324479967e+07
1.116294476783243753e+07
1.191489612998943962e+07
1.270035832144213282e+07
1.351813252139510773e+07
1.437182691058410890e+07
1.526032415050372854e+07
1.617919468733559363e+07
1.713762445614823699e+07
1.813068258670669422e+07
1.915964091298666596e+07
2.022792661114532873e+07
2.133341749894854799e+07
2.247830515004916862e+07
2.366048093592870981e+07
2.487951244320239872e+07
2.614103708186960965e+07
2.744672011749250069e+07
2.879317335643965006e+07
3.018713629566125944e+07
3.162276748640729859e+07
3.310357863599786535e+07
3.462841662652145326e+07
3.619812191793205589e+07
3.781949764447169006e+07
3.949213533160277456e+07
4.121303990514445305e+07
4.298450929892827570e+07
4.480218236047654599e+07
4.666606013779103011e+07
4.858465390166333318e+07
5.055167903410612792e+07
5.257245964078219235e+07
5.464618201971178502e+07
5.677688196088658273e+07
5.896238402267187089e+07
6.120470403270891309e+07
6.350457411863892525e+07
6.586180335539992154e+07
6.827439813074357808e+07
7.074585751023162901e+07
7.328360701870591938e+07
7.588773230357515812e+07
7.855361322619423270e+07
8.127975955573230982e+07
8.407285612887959182e+07
8.693357445218554139e+07
8.985542307280439138e+07
9.284363297930015624e+07
9.589742035534052551e+07
9.901929732233649492e+07
1.022056828899597228e+08
1.054582819765836596e+08
1.087881732539461702e+08
1.121835219480162859e+08
1.156460862204960436e+08
1.191809815378435403e+08
1.227883039299024940e+08
1.264685597171745300e+08
1.302208428748146594e+08
1.340468650795184374e+08
1.379496237359640598e+08
1.419230511076113582e+08
1.459810004049620628e+08
1.501156449321628213e+08
1.543296140662510097e+08
1.586168399088994563e+08
1.629876289240889847e+08
1.674430762674708366e+08
1.719824515896110535e+08
1.766028291670302153e+08
1.812994472453373373e+08
1.860859313762971163e+08
1.909512754293246865e+08
1.959013014359311163e+08
2.009315460609819889e+08
2.060454039020701349e+08
2.112529048107902706e+08
2.165609512917577624e+08
2.219605732542909086e+08
2.274558609675675929e+08
2.330335864278424084e+08
2.387077964333570600e+08
2.444761735030660033e+08
2.503379970108203590e+08
2.562997492536319792e+08
2.623560796038069427e+08
2.685010038597523570e+08
2.747472131545631289e+08
2.811017208429921269e+08
2.875512453908470869e+08
2.940949320763694644e+08
3.007367415636063814e+08
3.074768785164165497e+08
3.143217391136118770e+08
3.212612818863829970e+08
3.283060386173590422e+08
3.354527691127917171e+08
3.426861934836775661e+08
3.500188588869276047e+08
3.574487790383827686e+08
3.649822416936605573e+08
3.726203383452711105e+08
3.803722974228457212e+08
3.882358753457006216e+08
3.962046746501317620e+08
