6.425326030350867086e+02
5.494978721074460282e+02
2.976444792277848705e+02
1.144920496172349687e+02
9.840109168561853892e+01
7.753449844763920851e+01
6.785510969147591709e+01
3.454701377089796921e+01
3.332711235207984402e+01
2.770090757754181965e+01
2.334932572210778545e+01
2.113692776532889539e+01
2.075490473553694670e+01
1.701255398002602348e+01
1.611129574417169863e+01
1.489097374626558157e+01
1.455432687701226513e+01
1.285037838477714800e+01
1.197722349727160029e+01
1.192728866361248308e+01
8.712502971759310100e+00
8.527394694949119724e+00
8.393355564679653824e+00
8.121348750643536007e+00
7.665962698593148161e+00
7.336381337037838790e+00
6.964519135457076793e+00
6.972831687283249202e+00
6.633950920438851817e+00
6.428527374247433812e+00
6.262753274106547252e+00
6.293755014846762030e+00
5.515055953212836926e+00
5.085042483838207339e+00
5.108255325076559217e+00
4.667295223130545345e+00
4.775118885389434631e+00
4.487763063342651293e+00
4.103866500641118797e+00
3.551368683638385537e+00
3.343395650848091538e+00
3.433132724787325785e+00
3.182905821654553602e+00
3.084636281519514966e+00
2.970586199562985197e+00
2.967256746717512605e+00
2.764837880013801374e+00
2.589406283901698025e+00
2.660200995192865570e+00
2.437223970778039206e+00
2.286269761872984141e+00
2.239282352375252305e+00
2.294656139053594668e+00
2.041547585359331674e+00
2.055904377231636548e+00
1.955380922190436799e+00
1.980842467238186355e+00
1.764604325619174130e+00
1.888306099082397882e+00
1.770106702422692857e+00
1.689518264653131485e+00
1.736629838888262833e+00
1.702187923560447791e+00
1.603417278486001463e+00
1.741598792286484176e+00
1.539174142139279278e+00
1.561162289637786138e+00
1.475264888960890142e+00
1.504966295243391983e+00
1.432099291869642466e+00
1.241554384585972004e+00
1.222271812949912384e+00
1.224220498222357456e+00
1.199813371292302699e+00
1.155180226302395585e+00
1.197714361161175800e+00
1.232882938140426488e+00
1.253573017597534811e+00
1.166773722640444877e+00
1.226911944427043544e+00
1.194690670224512141e+00
1.050188261209823892e+00
1.030216191911041967e+00
9.597361334779922482e-01
9.593585718693679043e-01
8.231955301408624415e-01
8.849696753681779438e-01
9.126392381451624569e-01
9.773246385113304457e-01
8.530011473310621373e-01
7.728789056537493929e-01
7.583733187961552158e-01
8.064911663558084198e-01
7.521865955586619634e-01
7.586807523051523061e-01
6.944977577984442485e-01
6.868765133798339084e-01
6.823869504445669865e-01
7.321135880254988626e-01
6.198222518620679633e-01
6.448903510201144940e-01
6.182838688269176597e-01
6.010088861723190679e-01
5.874119173259830795e-01
5.111736551193488687e-01
5.079719778712362688e-01
5.459314415039151491e-01
4.301597933943076546e-01
4.772539432441527674e-01
4.561167358937651684e-01
4.775805982401274963e-01
5.062180554093221874e-01
4.699353965394266197e-01
4.519030056656031524e-01
5.219790247754384493e-01
5.295805971006244395e-01
5.015309524311571954e-01
5.063478948178322669e-01
4.977297354278441555e-01
4.251649572102232377e-01
4.636455973570606237e-01
4.130829657544010103e-01
4.131682215532807012e-01
4.558691387630197100e-01
4.322772103752788864e-01
4.154389710684138204e-01
3.489409074975874936e-01
3.703368627415395409e-01
3.356494231267452277e-01
3.671137187658759515e-01
3.359722071616257910e-01
3.398074432939324208e-01
3.427211004456163779e-01
3.127433416291637847e-01
3.003910710274248497e-01
2.759919366202199242e-01
2.703142719168270536e-01
2.536776736553065237e-01
2.799309106688818161e-01
2.520944910459632093e-01
2.281268166302102551e-01
2.335275774828033113e-01
2.420569807872312851e-01
2.501167712512009644e-01
2.399539427689707238e-01
2.161026123646236918e-01
2.331282495576332547e-01
2.285949027280854140e-01
2.072620463240394950e-01
2.099122968147764112e-01
1.836007949324970079e-01
