1.150194235091980772e+02
1.144521174637188068e+02
2.127968472518166365e+01
1.517939316676729966e+01
1.270577624929609151e+01
1.131995263937233354e+01
1.040313048122209949e+01
9.745095740482543789e+00
9.243415820887765477e+00
8.846125015581089102e+00
8.522214474245698668e+00
8.255884313866374669e+00
8.032815243859625198e+00
7.843959005730553713e+00
7.681980772897076370e+00
7.542998331149027180e+00
7.422942047486122519e+00
7.319552695306300372e+00
7.230109039328896259e+00
7.153206009415755240e+00
7.087591223212725389e+00
7.032033145495248938e+00
6.985090215970647165e+00
6.946341593671004233e+00
6.915018623564911593e+00
6.891224759722207160e+00
6.873509783886068369e+00
6.862504254947600302e+00
6.858031236899504890e+00
6.859161142410327372e+00
6.864708603091387751e+00
6.875863423879078340e+00
6.891993997220209778e+00
6.912389719503422292e+00
6.938231913085136426e+00
6.968187656487915937e+00
7.001850828207079047e+00
7.040200655934159002e+00
7.082356042374651217e+00
7.128180372484132832e+00
7.178248314038415678e+00
7.230424221296402720e+00
7.286026612808762515e+00
7.344175402837660904e+00
7.404050498066617081e+00
7.465327048650499009e+00
7.527209360140147965e+00
7.588462340573797427e+00
7.648806353243305267e+00
7.707803810469360251e+00
7.764043809534253882e+00
7.818350232829255120e+00
7.867540203101545337e+00
7.912577627044397488e+00
7.953426900687601275e+00
7.990190368846493918e+00
8.022591255797308918e+00
8.050169030084138200e+00
8.074065093264904291e+00
8.091440528621935968e+00
8.105592364695436203e+00
8.115505211585469780e+00
8.120259378228832148e+00
8.125271519216088478e+00
8.125548104819666051e+00
8.128044818314386077e+00
8.127871255917767712e+00
8.127350211221983756e+00
8.126994262150686765e+00
8.124311089221796678e+00
8.121580879533455644e+00
8.118471383326408386e+00
8.116737478797579897e+00
8.112117973254301617e+00
8.109976867629459463e+00
8.105626422873735137e+00
8.100463628830864238e+00
8.097445840051436861e+00
8.090621381332343987e+00
8.085925910541620354e+00
8.082222284575706794e+00
8.074658291025565759e+00
8.069772166004337777e+00
8.064843400613757041e+00
8.058965484811782432e+00
8.052004627487143296e+00
8.046874783464609493e+00
8.037034379951332852e+00
8.026818648328056582e+00
8.022155621045493845e+00
8.014397569992096848e+00
8.007728892737059567e+00
8.000179740607654466e+00
7.990133014594516858e+00
7.984626384604898597e+00
7.978177167715496232e+00
7.968489248761721377e+00
7.962806340741790834e+00
7.954546581623811008e+00
7.947098591003750379e+00
7.938473850154478484e+00
7.932236349765172001e+00
7.925791158310708795e+00
7.921909170096746777e+00
7.912460714520528349e+00
7.907423469025258278e+00
7.895945764861367344e+00
7.892779955985212759e+00
7.888873429633510348e+00
7.882021280803572338e+00
7.875217926096564902e+00
7.867206543138960839e+00
7.860357927425297042e+00
7.855290622556044156e+00
7.849885303675073089e+00
7.843181632829116623e+00
7.839674321767265752e+00
7.832122007206042014e+00
7.828024610453857335e+00
7.820330824656690716e+00
7.815347502300412863e+00
7.808291937229440371e+00
7.805922711396461544e+00
7.800278996742704862e+00
7.795833311237981178e+00
7.790292244195653026e+00
7.780269394543727124e+00
7.779424694475086000e+00
7.771534209972133844e+00
7.768993522420982956e+00
7.765057461125238092e+00
7.758979827912856564e+00
7.755847161730127226e+00
7.751239467647280890e+00
7.745069409203166444e+00
7.740825574905284334e+00
7.736272429801732464e+00
7.729964476607358748e+00
7.725936531300830801e+00
7.722357530493312083e+00
7.717439888483010435e+00
7.713853052650708086e+00
7.708131322855609646e+00
7.707875903873358858e+00
7.703759263604927909e+00
7.697166795731255284e+00
7.693023385062666364e+00
7.690230255942590354e+00
7.682105950030311270e+00
7.683044984629804119e+00
7.679624914193931673e+00
