1.486571998862057740e+02
1.431295686413176327e+02
1.289922911531096474e+02
1.096533627871459231e+02
9.400286899367729632e+01
7.951880807520971928e+01
7.165313293462673983e+01
6.837122834288361162e+01
6.618648671350815960e+01
6.513200902653140645e+01
6.780180564195008230e+01
6.405724011729191147e+01
5.534951854688682715e+01
5.432786223977604578e+01
5.209454025512454223e+01
5.069301863417715026e+01
4.948168303083549802e+01
4.618455301401547075e+01
4.273851535230159016e+01
4.084230231419563495e+01
3.994797117251246732e+01
3.936464210530206742e+01
3.858560453302039406e+01
3.741974491627303934e+01
3.577990735686942259e+01
3.454935131909034851e+01
3.337483705874637252e+01
3.235941644111324678e+01
3.138283897084162888e+01
3.064340386097126512e+01
2.984783800758387784e+01
2.929341642679136370e+01
2.872822306154899863e+01
2.830089401809464889e+01
2.786806552449049335e+01
2.748123694958340479e+01
2.710648000600347629e+01
2.678380427324961133e+01
2.646132447981777247e+01
2.616744834721002633e+01
2.586651395454385849e+01
2.560549719815210779e+01
2.535031057592955506e+01
2.511082698494077903e+01
2.486443207366706787e+01
2.459214637832610251e+01
2.436517003822821081e+01
2.414984779006933380e+01
2.394970023505378620e+01
2.374782471680218876e+01
2.354749575280867901e+01
2.337007506464989248e+01
2.317544401723885272e+01
2.301058964552011332e+01
2.284716922409530682e+01
2.271060958757373527e+01
2.253296716488965146e+01
2.238055168639435522e+01
2.222952741211622651e+01
2.208805669646504199e+01
2.194868531124996380e+01
2.182613468120001343e+01
2.168429297989293758e+01
2.154410452729806025e+01
2.142179943220074989e+01
2.129354673120876384e+01
2.118279019256136309e+01
2.106254631975010128e+01
2.095659751469841936e+01
2.085557172630982592e+01
2.074086971248409128e+01
2.064973371563670312e+01
2.056469831156168127e+01
2.045066700265931914e+01
2.034586023671436550e+01
2.025044388758199077e+01
2.015290929082314264e+01
2.007979074061468339e+01
1.997808509210594252e+01
1.989905263493381682e+01
1.980582317487252197e+01
1.973306210217253920e+01
1.964691700709042621e+01
1.956200625274508553e+01
1.949543135409049555e+01
1.941026910867332589e+01
1.934452421230056984e+01
1.927816667415857665e+01
1.919537820858259636e+01
1.913592989068297712e+01
1.906526030139743355e+01
1.900249159017115730e+01
1.893438766794063000e+01
1.886823591452514748e+01
1.880817846303889596e+01
1.874748695102766405e+01
1.868545678547497602e+01
1.862502384200929129e+01
1.854811226732354967e+01
1.849725227299421348e+01
1.842966652623584878e+01
1.837122233312405584e+01
1.832104523286285414e+01
1.826778807755769662e+01
1.821558186751148867e+01
1.816288970430436578e+01
1.811132641437582791e+01
1.806595270518458207e+01
1.802313223857463598e+01
1.797406514403664701e+01
1.792698261602459908e+01
1.787631997948027873e+01
1.782397441597852961e+01
1.777264999770792286e+01
1.772656151052659723e+01
1.765587943340057464e+01
1.761911978231965392e+01
1.757397793818415721e+01
1.752838574338010602e+01
1.748221605264209799e+01
1.744570695477635880e+01
1.740144196590584968e+01
1.735829313810568308e+01
1.731512222480253271e+01
1.727887268942757970e+01
1.723796856450938719e+01
1.720579423604004177e+01
1.717167631127701810e+01
1.714294233479385099e+01
1.710438818497802771e+01
1.707243847103386969e+01
1.703766914736353755e+01
1.700304250259027583e+01
1.696585893019774716e+01
1.692095027482042369e+01
1.689443966568577338e+01
1.686869502249506070e+01
1.682177970145929180e+01
1.678426356697838884e+01
1.675725904886357398e+01
1.671560188398510860e+01
1.668104383846214134e+01
1.664895287857611450e+01
1.662284804397660309e+01
1.659025822421163099e+01
1.656570167615770472e+01
1.654088402282688364e+01
1.649816383725642055e+01
1.646506582126297147e+01
1.644210433488972001e+01
1.640730345765922848e+01
