6.336942340101960554e+02
6.334904685171278516e+02
3.810004789103057306e+02
2.009366557409750840e+02
8.352986184274240600e+01
2.180769430325856462e+01
2.272296091670321427e+00
8.899266356751671381e-02
2.663425551199151940e-03
4.378955283897418806e-05
5.671095019523731102e-06
5.590805800477595905e-06
5.183898275498561290e-06
5.241049343262832036e-06
5.289658975161416833e-06
5.141008925830152077e-06
5.145566215534753359e-06
5.212389576239462720e-06
5.162404333773807219e-06
5.204037648902342342e-06
5.179465393057367273e-06
5.111560481802404063e-06
5.240588520209611143e-06
5.169188339263737833e-06
5.132294041828087211e-06
5.134391134137188577e-06
5.134785485688715842e-06
5.111868092604714617e-06
5.118495362960407571e-06
5.146550730592329067e-06
5.147241810487330533e-06
5.122656073931602724e-06
5.133905467669928224e-06
5.127430825157414016e-06
5.151251693747661709e-06
5.154610316423713303e-06
5.129550427900957438e-06
5.139618924525273429e-06
5.109124256479114690e-06
5.147750446984697081e-06
5.134382388115727129e-06
5.149749132506038593e-06
5.144660603461407198e-06
5.141193156551855684e-06
5.131365148612204820e-06
5.122242831236152679e-06
5.135625281848678862e-06
5.147842694895786625e-06
5.124742153097772329e-06
5.128290974009698703e-06
5.098607453408305051e-06
5.154025508990266966e-06
5.136358417116607530e-06
5.146492443734621924e-06
5.151300068280703283e-06
5.101235945650384738e-06
5.134465877325721779e-06
5.145592289957311342e-06
5.161769018094026926e-06
5.156252114318064065e-06
5.130817375467911266e-06
5.142460625430480033e-06
5.140426991247472663e-06
5.139763160652605523e-06
5.136148111087561581e-06
5.147688177134297561e-06
5.126902371073276200e-06
5.130983796397761342e-06
5.150212112566035845e-06
5.131688233421468683e-06
5.119730770924460123e-06
5.137668352179489171e-06
5.116553205059235382e-06
5.139099476532919949e-06
5.149437488456344743e-06
5.124559883670298129e-06
5.120080012191686338e-06
5.124215878492593068e-06
5.132666295740060549e-06
5.131348713282021629e-06
5.118313687165024860e-06
5.147849163044493592e-06
5.153939120810227179e-06
5.120433249590075278e-06
5.128091772130696640e-06
5.136051745608149770e-06
5.141842494882641191e-06
5.138246208442000537e-06
5.143131716404534679e-06
5.142448082216959679e-06
5.126027182117639593e-06
5.127120014178727736e-06
5.146278585194150855e-06
5.149714143058729203e-06
5.137784829025842221e-06
5.139799140744805557e-06
5.169266040195550526e-06
5.134390280897667541e-06
5.141818986174545216e-06
5.116523424533595504e-06
5.160929423308201947e-06
5.132826083130659990e-06
5.152549611032918112e-06
5.118642313403315658e-06
5.160950116944004778e-06
5.161724281822809021e-06
5.159334542497284608e-06
5.146240320655964019e-06
5.113877471177419926e-06
5.125214343102539808e-06
5.119799222633415072e-06
5.131550152083520563e-06
5.126274085254544689e-06
5.150009016035557934e-06
5.143975973912800170e-06
5.177704437041986891e-06
5.140084292793879418e-06
5.149086163147528003e-06
5.162522940109684743e-06
5.138525996941561695e-06
5.149045057546273176e-06
5.152251253935961965e-06
5.147365224538954465e-06
5.115828224459784837e-06
5.155964669946693901e-06
5.150126691717320420e-06
5.147893115705986707e-06
5.132681116172954497e-06
5.159833699580406966e-06
5.158758730108919607e-06
5.111505045969110388e-06
5.154654348372590266e-06
5.162749892162946973e-06
5.165183698506632489e-06
5.137573988990875903e-06
5.148556186435796991e-06
5.171007186065163663e-06
5.143540417753211703e-06
5.146741568932492865e-06
5.149904834160050247e-06
5.123688104936680169e-06
5.119419433821449310e-06
5.149694770388801136e-06
5.167558137793996353e-06
5.135212042514105627e-06
5.155183385923690673e-06
5.171843143126064430e-06
5.135140001304575174e-06
5.165106168571677183e-06
5.168217370682593393e-06
5.125219930135468258e-06
