6.336942340101960554e+02
6.325058427031659676e+02
4.194998395108087834e+02
3.394469040270926143e+02
2.578016198665684442e+02
9.532951437233907654e+01
8.994389346672339514e+01
7.455504724442589293e+01
7.145482419908313432e+01
2.559985931072005982e+01
1.136724609562712018e+01
5.450471756212505348e+00
2.656245617028011541e+00
7.797931183034060298e-01
4.232806514906499173e-01
3.437226312434217834e-01
2.925862097047604027e-01
2.865099018198681846e-01
2.335813489730381165e-01
2.117509058656842358e-01
2.049010170873304948e-01
1.939490507656724261e-01
1.672514318004047207e-01
1.730867646397583892e-01
1.831409708534998126e-01
1.835812059221667014e-01
1.558179605207359320e-01
1.717554412451511581e-01
1.577352545269695427e-01
1.661731373356814812e-01
1.418160184475576735e-01
1.306154680965315729e-01
1.393156234761639967e-01
1.371784787801233474e-01
1.200775568021363732e-01
9.277963968464150724e-02
9.660495469544419511e-02
1.131417281239315564e-01
1.000676284982309761e-01
9.633839473969854628e-02
1.106869925419665251e-01
1.105356004162746375e-01
8.252489539430984955e-02
7.609100395437545794e-02
6.242858488413923629e-02
6.824407227940737508e-02
9.374033010171889391e-02
9.040710467021721708e-02
6.766878762032298156e-02
6.973670987857455428e-02
7.753839244265309238e-02
9.032453147813745975e-02
6.381400758947472496e-02
5.677786313455199935e-02
5.072291182947678834e-02
5.189460087534559368e-02
5.131043888110493195e-02
4.592414166205172066e-02
4.611362515485221275e-02
4.599603057698683356e-02
5.245929659387077448e-02
3.030328104195201960e-02
4.297512304496291236e-02
2.900537233800450435e-02
2.682936895079511552e-02
3.482639428991526898e-02
2.902291994230580749e-02
3.595463606448603966e-02
3.154765675371044853e-02
3.332091970533147818e-02
2.148880944943754381e-02
2.388390549424488501e-02
1.043360375026590806e-02
1.074416869454432148e-02
9.769891455532614399e-03
8.885276376684660138e-03
1.411401530248437147e-02
1.560270271054258265e-02
1.570801711594743688e-02
1.385970822171316355e-02
1.760025130915573999e-02
1.962195008957024270e-02
1.724047320458245089e-02
1.261916085190524332e-02
1.600600377181500208e-02
2.149329449826100844e-02
2.429613790367491852e-02
1.479440758010781148e-02
1.539925651815823686e-02
1.031515010689625610e-02
1.778463127728557511e-02
8.262176233994963578e-03
8.044319187638895169e-03
1.367491032994916367e-02
9.920414837071702546e-03
1.564046821751181870e-02
7.939821344981667917e-03
1.348168390474009312e-02
1.550981439919817129e-02
1.036973247432823250e-02
1.155472609809862251e-02
9.161349316182386751e-03
8.781353904482057382e-03
1.580382252829580156e-02
1.223731824658112581e-02
8.151217840499241918e-03
1.239619096237977967e-02
1.565436393953055505e-02
1.707543578563500836e-02
1.160854065114430220e-02
1.047874887316547002e-02
1.269794586946348600e-02
1.020989727003526228e-02
7.963009224012699075e-03
1.219645745601647714e-02
1.021097178858369932e-02
1.004406917499815928e-02
1.409326201010152602e-02
1.142540606447388016e-02
9.091203226227624265e-03
7.367823233355351442e-03
1.267720353329016177e-02
1.460054493849722614e-02
2.038667443186691075e-02
1.679749818637751510e-02
1.678148433039965484e-02
9.494939645452971436e-03
2.245407800520719636e-03
2.536725410975375784e-03
2.543388569262279401e-03
1.542383384152682139e-03
2.801302330194273271e-03
1.754688178780452806e-03
1.263285331069690168e-03
8.972487910100882804e-04
1.127484150499976842e-03
2.273320863383847170e-03
1.151170264365141077e-03
1.001752078137658521e-03
3.854078160106421324e-04
6.407364016705629529e-04
6.425361636398990240e-04
1.562782602151891256e-03
9.497097609322050198e-04
8.724614713918587552e-04
4.601757961624311261e-04
8.870123809667489895e-04
6.198055601538235730e-04
9.314200077890359870e-04
6.976776904087884706e-04
1.193845825236508271e-03
