6.280286762540785048e+02
1.121490754074739549e+01
5.316454102163749029e-01
2.824242295321891527e-01
2.288272796694784672e-01
3.111879479922409208e-01
2.742793937285996075e-01
3.303128515240532637e-01
2.939498703328402018e-01
3.363243260074908481e-01
3.021890792785958402e-01
3.393465897859255231e-01
3.052270482430395893e-01
3.380373674097860714e-01
3.059445568049137809e-01
3.340166515525269109e-01
3.116680996484215149e-01
3.291554812986969836e-01
3.219076339751870686e-01
3.247809548573909466e-01
3.264426252617226298e-01
3.216929277133500076e-01
3.237398858282691250e-01
3.171777631628705518e-01
3.186641260739435100e-01
3.115553433077270507e-01
3.126677538768562470e-01
3.054757841505184035e-01
3.058769965557538995e-01
2.991349468468780248e-01
2.983478817258991556e-01
2.917070302120638448e-01
2.893386311561442770e-01
2.819640298221413044e-01
2.774041965609497784e-01
2.692035803520582693e-01
2.614603283029783287e-01
2.534839302551440965e-01
2.423285022910455777e-01
2.358616776231466927e-01
2.224709503496358209e-01
2.181917910103333136e-01
2.040756792069493009e-01
2.018830445464648571e-01
1.874175595540582551e-01
1.867251370949669365e-01
1.718119264511336897e-01
1.718336581351544434e-01
1.573043957734167886e-01
1.572146022196365678e-01
1.437640918077515428e-01
1.429727554037908965e-01
1.308137168996623134e-01
1.290083487943602947e-01
1.181285479805343347e-01
1.153381047432272544e-01
1.057195903179798807e-01
1.022154203014576240e-01
9.388051776369499279e-02
9.001076684401092265e-02
8.297010897420362130e-02
7.904323373213824333e-02
7.323474443375549425e-02
6.946003553126231522e-02
6.473592524130093728e-02
6.121864795522793945e-02
5.738996250395857895e-02
5.415925355473501235e-02
5.104388307179332646e-02
4.809277905461767366e-02
4.554084796521958023e-02
4.284907411686546957e-02
4.074322585378716000e-02
3.829368146138299039e-02
3.654091262616224189e-02
3.432110604578204188e-02
3.284796844795951493e-02
3.084593409836602212e-02
2.958963335815160967e-02
2.778784015851755093e-02
2.669352273033430770e-02
2.506956898711276346e-02
2.409193004107484243e-02
2.262231268791604563e-02
2.172472821887906635e-02
2.038771624862754234e-02
1.954418846110130698e-02
1.832199756941922317e-02
1.751494489591593970e-02
1.639461479982839628e-02
1.561414168904150246e-02
1.458670508133374372e-02
1.382959318477228368e-02
1.288915836669386056e-02
1.215757108523044319e-02
1.130197462274522800e-02
1.060149673086753508e-02
9.830447504871891659e-03
9.168681841637712354e-03
8.482213722916583098e-03
7.866976792180107453e-03
7.265146711705944282e-03
6.702945399616380869e-03
6.184895252469587920e-03
5.679817342102453336e-03
5.242727888323337609e-03
4.796292921695160909e-03
4.435791316378982600e-03
4.046789763178346329e-03
3.756654364413143220e-03
3.421667390500336258e-03
3.194675437764669251e-03
2.908827723287758359e-03
2.736848512501757237e-03
2.494333120580298838e-03
2.369090693238332102e-03
2.163874214052430387e-03
2.077261359420649010e-03
1.903515481205579878e-03
1.847908151172943840e-03
1.700486813792774672e-03
1.668972174218132445e-03
1.543577046567343918e-03
1.530160295111346628e-03
1.423377536805399586e-03
1.422961712885592285e-03
1.332153246222603270e-03
1.340545879352911295e-03
1.263621378354788834e-03
1.277481163558205840e-03
1.212675333824638803e-03
1.229456997352266611e-03
1.175165739124337189e-03
1.193021113390325830e-03
1.147751422260909421e-03
1.165406796634601292e-03
1.127783589924134973e-03
1.144427829234310285e-03
1.113219094987902454e-03
1.128380919558610255e-03
1.102514263072042417e-03
1.115964346882222704e-03
1.094528149666921428e-03
1.106203920824745928e-03
1.088431632050443614e-03
1.098379795384682835e-03
1.083632722661822265e-03
1.091966691255696767e-03
1.079714596081231747e-03
1.086584407499234040e-03
1.076387843372833423e-03
