6.226889350138876580e+02
6.020804791051733673e+02
4.131223774931480648e+02
3.864116572837118611e+02
3.505214473754595019e+02
5.061826883276106770e+01
4.078096941055089530e+01
3.563871981571961101e+01
1.256017313281408221e+01
9.627981826090845630e+00
4.162536714193469045e+00
2.401312919720460570e+00
2.235514835592299576e+00
2.026381704126595018e+00
2.142460254140174047e+00
1.856184632007726210e+00
1.628882841262998316e+00
1.415833470347325207e+00
1.358866627058692433e+00
9.252418136813800320e-01
7.613288426766884331e-01
7.951224003428565279e-01
6.560081659096814732e-01
5.697829304435545472e-01
6.241280943846749807e-01
5.961933207360206044e-01
3.979014026751436783e-01
4.279055742888514535e-01
2.980786848785193510e-01
3.585604847061086842e-01
2.902556392766170168e-01
2.811163668508921409e-01
2.789472641633536365e-01
2.782148026316651479e-01
2.233638193259578908e-01
2.645716099507171570e-01
2.148964188925651941e-01
1.935716748588485192e-01
2.133058303879699635e-01
1.717457691727541091e-01
1.904370972257314887e-01
1.858561742589638910e-01
1.500709069050479294e-01
1.669177962785122205e-01
1.635438060891871159e-01
1.428810790946938303e-01
8.057059576785535748e-02
7.221600513575886227e-02
6.945621094572942966e-02
4.228576063403061830e-02
4.470766897105703241e-02
