4.350803946388635879e+00
4.265113784382389639e+00
1.151587867077101812e+00
8.383852607172682658e-01
6.330460176593404320e-01
3.734671284654339507e-01
3.895720675051077553e-01
3.577505659294540896e-01
3.550376518726130470e-01
2.912943333080714181e-01
2.670492056471652775e-01
2.574905296946610189e-01
2.473801101805446212e-01
2.306812300526157600e-01
2.094116129166297968e-01
2.166998717470618452e-01
2.038301868617100610e-01
2.066347033207401873e-01
1.969351243972385923e-01
1.901918455711386624e-01
1.836527566002907896e-01
1.796850997368806269e-01
1.693644944090983984e-01
1.651974308856815621e-01
1.700060763158187105e-01
1.682040888689856351e-01
1.535558787757639321e-01
1.527945188473504579e-01
1.441840346912752202e-01
1.495790762346439484e-01
1.453578830021604040e-01
1.381469945987029990e-01
1.441768959969638719e-01
1.379167041694328577e-01
1.333484528853559059e-01
1.281846558550193693e-01
1.273022209678960071e-01
1.272270900336130439e-01
1.201910813791376431e-01
1.187931874170243263e-01
1.103742260655496965e-01
1.114713075595054614e-01
1.039528252366335725e-01
1.016230018372091815e-01
9.849615040497372576e-02
1.018571244664913666e-01
1.039023511205489081e-01
1.034865768023803256e-01
9.507201057233677366e-02
9.213845652081181781e-02
9.742476763926438688e-02
9.932258176136143923e-02
8.838319455460624807e-02
8.768081580894343530e-02
8.333789904025268314e-02
8.381620953490565018e-02
8.415125338485324180e-02
8.191205044534199953e-02
7.736577307217235022e-02
7.841182245253575100e-02
7.916589309007532327e-02
7.514605433561227787e-02
7.746123785848307852e-02
7.080327086691107219e-02
6.806532760535571880e-02
7.030216703714736726e-02
6.742191922335272203e-02
7.066394736426628853e-02
6.619127226239435169e-02
6.648065929888014036e-02
6.305888795017250414e-02
6.417065951034767179e-02
6.106015143426091196e-02
6.099448818021868668e-02
6.062537858146849201e-02
5.934150934992798998e-02
5.897935464786463466e-02
6.051168996906025610e-02
5.949029689470319848e-02
5.627200089034789521e-02
5.638170006824411162e-02
5.807574050045555270e-02
5.742985947125534008e-02
5.467956021578440629e-02
5.542925681297689033e-02
5.399461235940117287e-02
5.367830536816703413e-02
5.274095073138007628e-02
5.097732004272803596e-02
4.990852128551814815e-02
5.084026548293418823e-02
4.858751234391134322e-02
4.951524349858837937e-02
4.967644168649920644e-02
4.827507761371468975e-02
4.814981324436834464e-02
4.546556386252076365e-02
4.666162379821547912e-02
4.685602455537857258e-02
4.612190027795476377e-02
4.530559239763226609e-02
4.443214541201129242e-02
4.458015419639610455e-02
4.537430867684177915e-02
4.330415501441220449e-02
4.330225696752088016e-02
4.312201053112385551e-02
4.263821489932001496e-02
4.324064746470185350e-02
4.247055966079610334e-02
4.236359635485403841e-02
4.113428363701898682e-02
4.041728917749420891e-02
4.045548082245076227e-02
4.149155813699051398e-02
3.960609142514864844e-02
3.903739630124869464e-02
3.940927394192267341e-02
4.009726626766896285e-02
3.895968216387457606e-02
3.822267826993530626e-02
3.896622607573463348e-02
3.954619864811798058e-02
4.085314729688349633e-02
3.890888519297974746e-02
3.965113236470868552e-02
3.768774876414038300e-02
3.627133288091610730e-02
3.615126782286992579e-02
3.571527866862189704e-02
3.582611182492650981e-02
3.578861388017762213e-02
3.534922066000323326e-02
3.502184748804804126e-02
3.474838654639933466e-02
3.424159240857804765e-02
3.433043202353702750e-02
3.409076514573811112e-02
3.399029560308636233e-02
3.373579118393976728e-02
3.364550393613519041e-02
3.340400722696562630e-02
3.339934123079890682e-02
3.311294716396040450e-02
3.306909373325356283e-02
3.303711401092851441e-02
3.258159913174163425e-02
3.220613828761859088e-02
3.222939578688860385e-02
3.204130971837820807e-02
3.205326784450368560e-02
