6.869999999999999718e-02
9.199999999999999845e-02
6.930000000000000049e-02
2.030000000000000138e-01
2.091000000000000081e-01
1.482999999999999874e-01
1.622999999999999998e-01
4.092000000000000082e-01
2.194000000000000117e-01
1.067000000000000032e-01
1.275999999999999912e-01
1.062000000000000027e-01
3.691999999999999726e-01
1.912999999999999978e-01
3.081999999999999740e-01
3.034999999999999920e-01
3.533999999999999919e-01
2.726999999999999980e-01
4.625000000000000222e-01
3.415000000000000258e-01
1.778000000000000136e-01
2.746999999999999997e-01
1.560999999999999888e-01
2.076000000000000068e-01
2.268000000000000016e-01
3.249000000000000221e-01
1.920999999999999930e-01
1.763000000000000123e-01
4.410000000000000031e-01
3.331999999999999962e-01
3.346000000000000085e-01
2.363000000000000100e-01
4.480000000000000093e-01
4.370999999999999885e-01
5.201999999999999957e-01
2.580999999999999961e-01
3.519999999999999796e-01
1.572000000000000064e-01
4.446999999999999842e-01
5.728999999999999648e-01
4.416999999999999815e-01
1.275000000000000022e-01
5.725000000000000089e-01
5.252999999999999892e-01
2.631999999999999895e-01
4.514000000000000234e-01
5.493999999999999995e-01
5.970999999999999641e-01
4.204999999999999849e-01
6.228000000000000203e-01
6.740000000000000435e-01
5.939999999999999725e-01
6.289000000000000146e-01
5.537999999999999590e-01
3.306000000000000050e-01
4.973000000000000198e-01
3.936999999999999944e-01
6.248000000000000220e-01
6.878999999999999559e-01
4.460999999999999965e-01
2.771000000000000130e-01
5.111999999999999877e-01
5.175999999999999490e-01
5.238000000000000433e-01
4.284999999999999920e-01
6.362999999999999767e-01
6.554999999999999716e-01
3.464999999999999747e-01
6.441000000000000059e-01
6.792000000000000259e-01
6.642000000000000126e-01
5.973000000000000531e-01
5.612000000000000322e-01
6.812000000000000277e-01
6.812000000000000277e-01
6.812000000000000277e-01
6.812000000000000277e-01
6.812000000000000277e-01
6.812000000000000277e-01
6.812000000000000277e-01
6.812000000000000277e-01
6.812000000000000277e-01
6.812000000000000277e-01
6.812000000000000277e-01
6.812000000000000277e-01
6.812000000000000277e-01
6.812000000000000277e-01
6.812000000000000277e-01
6.812000000000000277e-01
6.812000000000000277e-01
6.812000000000000277e-01
6.812000000000000277e-01
6.812000000000000277e-01
6.812000000000000277e-01
6.812000000000000277e-01
6.812000000000000277e-01
6.812000000000000277e-01
6.812000000000000277e-01
6.812000000000000277e-01
6.812000000000000277e-01
6.812000000000000277e-01
6.812000000000000277e-01
6.812000000000000277e-01
6.812000000000000277e-01
6.812000000000000277e-01
6.812000000000000277e-01
6.812000000000000277e-01
6.812000000000000277e-01
6.812000000000000277e-01
6.812000000000000277e-01
6.812000000000000277e-01
6.812000000000000277e-01
6.812000000000000277e-01
6.812000000000000277e-01
6.812000000000000277e-01
6.812000000000000277e-01
6.812000000000000277e-01
6.812000000000000277e-01
6.812000000000000277e-01
6.812000000000000277e-01
6.812000000000000277e-01
6.812000000000000277e-01
6.812000000000000277e-01
6.812000000000000277e-01
6.812000000000000277e-01
6.812000000000000277e-01
6.812000000000000277e-01
6.812000000000000277e-01
6.812000000000000277e-01
6.812000000000000277e-01
6.812000000000000277e-01
6.812000000000000277e-01
6.812000000000000277e-01
6.812000000000000277e-01
6.812000000000000277e-01
6.812000000000000277e-01
6.812000000000000277e-01
6.812000000000000277e-01
6.812000000000000277e-01
6.812000000000000277e-01
6.812000000000000277e-01
6.812000000000000277e-01
6.812000000000000277e-01
6.812000000000000277e-01
6.812000000000000277e-01
6.812000000000000277e-01
6.812000000000000277e-01
6.812000000000000277e-01
6.812000000000000277e-01
6.812000000000000277e-01
6.812000000000000277e-01
