9.120000000000000329e-02
1.378999999999999948e-01
1.406999999999999917e-01
1.733999999999999986e-01
2.015000000000000124e-01
2.746999999999999997e-01
3.337999999999999856e-01
3.770000000000000018e-01
4.284999999999999920e-01
4.495000000000000107e-01
4.768999999999999906e-01
4.618999999999999773e-01
5.322999999999999954e-01
5.568999999999999506e-01
5.756000000000000005e-01
5.826000000000000068e-01
6.091999999999999638e-01
6.169000000000000039e-01
6.278000000000000247e-01
6.431999999999999940e-01
6.546999999999999487e-01
6.639000000000000457e-01
6.712000000000000188e-01
6.735999999999999766e-01
6.872000000000000330e-01
6.939999999999999503e-01
6.985999999999999988e-01
7.064000000000000279e-01
7.082000000000000517e-01
7.148999999999999799e-01
7.196000000000000174e-01
7.245000000000000329e-01
7.279999999999999805e-01
7.320999999999999730e-01
7.351999999999999647e-01
7.401999999999999691e-01
7.448000000000000176e-01
7.483999999999999542e-01
7.509000000000000119e-01
7.544999999999999485e-01
7.573999999999999622e-01
7.612999999999999767e-01
7.638000000000000345e-01
7.651000000000000023e-01
7.678000000000000380e-01
7.712999999999999856e-01
7.733999999999999764e-01
7.760000000000000231e-01
7.772999999999999909e-01
7.796999999999999487e-01
7.805999999999999606e-01
7.821000000000000174e-01
7.833999999999999853e-01
7.850000000000000311e-01
7.870000000000000329e-01
7.883999999999999897e-01
7.892000000000000126e-01
7.905999999999999694e-01
7.927999999999999492e-01
7.933000000000000052e-01
7.946999999999999620e-01
7.969000000000000528e-01
7.980000000000000426e-01
8.000000000000000444e-01
8.014000000000000012e-01
8.031000000000000361e-01
8.044999999999999929e-01
8.051000000000000378e-01
8.066999999999999726e-01
8.074000000000000066e-01
8.090000000000000524e-01
8.093000000000000194e-01
8.096999999999999753e-01
8.117999999999999661e-01
8.129999999999999449e-01
8.133000000000000229e-01
8.148999999999999577e-01
8.157999999999999696e-01
8.166999999999999815e-01
8.161000000000000476e-01
8.172000000000000375e-01
8.174000000000000155e-01
8.187999999999999723e-01
8.196999999999999842e-01
8.202000000000000401e-01
8.209999999999999520e-01
8.215999999999999970e-01
8.227999999999999758e-01
8.235999999999999988e-01
8.243000000000000327e-01
8.245000000000000107e-01
8.254000000000000226e-01
8.259999999999999565e-01
8.265000000000000124e-01
8.264000000000000234e-01
8.272000000000000464e-01
8.280999999999999472e-01
8.280999999999999472e-01
8.300999999999999490e-01
8.296999999999999931e-01
8.306000000000000050e-01
8.314000000000000279e-01
8.325000000000000178e-01
8.326000000000000068e-01
8.328999999999999737e-01
8.336999999999999966e-01
8.342000000000000526e-01
8.352000000000000535e-01
8.354000000000000314e-01
8.363000000000000433e-01
8.367999999999999883e-01
8.376000000000000112e-01
8.377000000000000002e-01
8.386000000000000121e-01
8.386000000000000121e-01
8.396000000000000130e-01
8.404000000000000359e-01
8.407999999999999918e-01
8.411999999999999478e-01
8.418999999999999817e-01
8.428999999999999826e-01
8.428999999999999826e-01
8.433000000000000496e-01
8.434000000000000385e-01
8.434000000000000385e-01
8.437000000000000055e-01
8.437000000000000055e-01
8.448999999999999844e-01
8.455000000000000293e-01
8.457000000000000073e-01
8.460999999999999632e-01
8.459999999999999742e-01
8.459999999999999742e-01
8.464000000000000412e-01
8.471999999999999531e-01
8.473000000000000531e-01
8.477999999999999980e-01
8.481999999999999540e-01
8.480999999999999650e-01
8.489999999999999769e-01
8.488999999999999879e-01
8.496000000000000218e-01
8.494000000000000439e-01
8.497999999999999998e-01
8.499999999999999778e-01
8.499999999999999778e-01
8.505000000000000338e-01
8.509999999999999787e-01
8.506000000000000227e-01
8.516000000000000236e-01
8.521999999999999575e-01
