6.371106075962154591e+02
5.947803314929290082e+02
4.235664407125535149e+02
3.419425011965848853e+02
2.848465475695135183e+02
2.408594408473439330e+02
2.053553934131504661e+02
1.759099611181856631e+02
1.510630118179673786e+02
1.298534575482523792e+02
1.116075650588117441e+02
9.583043412483064571e+01
8.214515697323216159e+01
7.025565293267187883e+01
5.992380123405329329e+01
5.095394846938343392e+01
4.318184619299307769e+01
3.646738322736214855e+01
3.068799238641134508e+01
2.573538101487624630e+01
2.151348097976153184e+01
1.793552934638059781e+01
1.492247977003766479e+01
1.240164494759575042e+01
1.030721136688383588e+01
8.579538747146273181e+00
7.164218956802471894e+00
6.012297259498876834e+00
5.079890589858950811e+00
4.327953577062061186e+00
3.722976268390080001e+00
3.236415320305646048e+00
2.844103966144463591e+00
2.526593861165757460e+00
2.267908418849379881e+00
2.055477963277241304e+00
1.879568922187814239e+00
1.732824320670202312e+00
1.609444201768733596e+00
1.504928910738882575e+00
1.415597587435286631e+00
1.338635591091895893e+00
1.271855221830784810e+00
1.213506311321280062e+00
1.162223333979391260e+00
1.116905583289304893e+00
1.076646079386338162e+00
1.040743313752788168e+00
1.008593892834323213e+00
9.796852576820176406e-01
9.535905550224879068e-01
9.299403481037028518e-01
9.084470819016379206e-01
8.888740292676896582e-01
8.710095805878665942e-01
8.546693294950182818e-01
8.396772636694243008e-01
8.258813701004061869e-01
8.131649727077558953e-01
8.014210656037020764e-01
7.905525808162205958e-01
7.804797821290001547e-01
7.711278379696422380e-01
7.624322540144843341e-01
7.543438665458979120e-01
7.468168664692217407e-01
7.398052816793228015e-01
7.332665890416091292e-01
7.271591322725233786e-01
7.214566091079750443e-01
7.161275287451738247e-01
7.111473982806321148e-01
7.064886380557786616e-01
7.021302845935155634e-01
6.980471629547337908e-01
6.942209599673858644e-01
6.906349733510922517e-01
6.872716598790019615e-01
6.841196069670726354e-01
6.811617793153731393e-01
6.783894876309072286e-01
6.757879858723176980e-01
6.733495146781546259e-01
6.710633730005034492e-01
6.689170782794174874e-01
6.669007684263104085e-01
6.650066295557759410e-01
6.632266540531852606e-01
6.615541736757297731e-01
6.599841924838226737e-01
6.585110434332690499e-01
6.571301581907214029e-01
6.558333778221311361e-01
6.546182176967931809e-01
6.534781578728506846e-01
6.524108638260970316e-01
6.514120312420003112e-01
6.504795405459251612e-01
6.496080693389035821e-01
6.487945187364351218e-01
6.480361520558759469e-01
6.473311912571205751e-01
6.466772363260224754e-01
6.460704187945673915e-01
6.455093818691145513e-01
6.449921116559406142e-01
6.445161664075935715e-01
6.440805054400946528e-01
6.436822824483164895e-01
6.433201228893087320e-01
6.429916620413863582e-01
6.426949989187626944e-01
6.424292919432399440e-01
6.421913871597915158e-01
6.419816821626020964e-01
6.417986477456164573e-01
6.416411026660913119e-01
6.415086021507432346e-01
6.414004777300827964e-01
6.413156844059377804e-01
6.412539111374901957e-01
6.412139083924413008e-01
6.411949714317120019e-01
6.411965001467363479e-01
6.412171951318008656e-01
6.412566826443845125e-01
6.413143837712006468e-01
6.413894720648767311e-01
6.414809130021048578e-01
6.415889859682200047e-01
6.417121585278807716e-01
6.418511625550050725e-01
6.420045382416287305e-01
6.421716491530954363e-01
6.423527291670971806e-01
6.425457414316588789e-01
6.427518041140951599e-01
6.429700825254119900e-01
6.432001205578161684e-01
6.434416335333733583e-01
6.436931921555180125e-01
6.439540508992792622e-01
6.442244297045793822e-01
6.445034103213493903e-01
6.447916243091270649e-01
6.450880334839020902e-01
6.453927586327505850e-01
6.457051025227678043e-01
6.460253335462641244e-01
6.463522363467271159e-01
6.466863419552166814e-01
