1.044999999999999957e-01
1.837999999999999912e-01
8.399999999999999689e-01
8.574000000000000510e-01
8.635000000000000453e-01
8.702999999999999625e-01
8.735000000000000542e-01
8.758000000000000229e-01
8.783999999999999586e-01
8.797000000000000375e-01
8.810999999999999943e-01
8.819000000000000172e-01
8.829000000000000181e-01
8.841999999999999860e-01
8.853999999999999648e-01
8.860999999999999988e-01
8.864999999999999547e-01
8.872999999999999776e-01
8.879000000000000226e-01
8.890000000000000124e-01
8.895999999999999464e-01
8.902999999999999803e-01
8.905999999999999472e-01
8.911000000000000032e-01
8.912999999999999812e-01
8.921999999999999931e-01
8.928000000000000380e-01
8.930000000000000160e-01
8.931999999999999940e-01
8.938000000000000389e-01
8.944999999999999618e-01
8.945999999999999508e-01
8.945999999999999508e-01
8.947000000000000508e-01
8.949000000000000288e-01
8.949000000000000288e-01
8.950000000000000178e-01
8.951999999999999957e-01
8.951000000000000068e-01
8.952999999999999847e-01
8.953999999999999737e-01
8.954999999999999627e-01
8.957000000000000517e-01
8.959000000000000297e-01
8.960000000000000187e-01
8.963999999999999746e-01
8.965999999999999526e-01
8.970000000000000195e-01
8.971999999999999975e-01
8.971999999999999975e-01
8.971999999999999975e-01
8.975999999999999535e-01
8.978000000000000425e-01
8.981999999999999984e-01
8.982999999999999874e-01
8.983999999999999764e-01
8.984999999999999654e-01
8.984999999999999654e-01
8.984999999999999654e-01
8.988000000000000433e-01
8.988000000000000433e-01
8.990000000000000213e-01
8.990000000000000213e-01
8.991999999999999993e-01
8.994999999999999662e-01
8.995999999999999552e-01
8.997000000000000552e-01
8.997000000000000552e-01
9.001000000000000112e-01
9.002999999999999892e-01
9.003999999999999782e-01
9.003999999999999782e-01
9.004999999999999671e-01
9.005999999999999561e-01
9.006999999999999451e-01
9.006999999999999451e-01
9.010000000000000231e-01
9.010000000000000231e-01
9.010000000000000231e-01
9.011000000000000121e-01
9.012000000000000011e-01
9.012000000000000011e-01
9.013999999999999790e-01
9.014999999999999680e-01
9.015999999999999570e-01
9.015999999999999570e-01
9.018000000000000460e-01
9.016999999999999460e-01
9.016999999999999460e-01
9.016999999999999460e-01
9.018000000000000460e-01
9.018000000000000460e-01
9.016999999999999460e-01
9.018000000000000460e-01
9.018000000000000460e-01
9.020000000000000240e-01
9.022000000000000020e-01
9.021000000000000130e-01
9.022999999999999909e-01
9.023999999999999799e-01
9.024999999999999689e-01
9.024999999999999689e-01
9.026999999999999469e-01
9.028000000000000469e-01
9.029000000000000359e-01
9.029000000000000359e-01
9.030000000000000249e-01
9.030000000000000249e-01
9.031000000000000139e-01
9.033999999999999808e-01
9.033999999999999808e-01
9.036999999999999478e-01
9.038000000000000478e-01
9.038000000000000478e-01
9.038000000000000478e-01
9.038000000000000478e-01
9.038000000000000478e-01
9.039000000000000368e-01
9.040000000000000258e-01
9.040000000000000258e-01
9.041000000000000147e-01
9.042999999999999927e-01
9.044999999999999707e-01
9.044999999999999707e-01
9.044999999999999707e-01
9.044999999999999707e-01
9.044999999999999707e-01
9.044999999999999707e-01
9.043999999999999817e-01
9.044999999999999707e-01
9.045999999999999597e-01
9.046999999999999487e-01
9.049000000000000377e-01
9.050000000000000266e-01
9.051000000000000156e-01
9.051000000000000156e-01
9.051000000000000156e-01
9.051000000000000156e-01
9.051000000000000156e-01
9.052000000000000046e-01
9.052999999999999936e-01
9.052999999999999936e-01
9.052999999999999936e-01
9.052999999999999936e-01
9.053999999999999826e-01
9.054999999999999716e-01
9.054999999999999716e-01
9.054999999999999716e-01
9.054999999999999716e-01
9.054999999999999716e-01
9.054999999999999716e-01
