6.280286762540785048e+02
2.882199293877094419e+02
4.141437910158271563e-01
4.389883236251261867e-01
2.454829143813369308e-01
2.407694423789080440e-01
2.283503737655695753e-01
2.624793210251959441e-01
3.161287848469646056e-01
2.941495222564454171e-01
2.167769352872067068e-01
1.924977427311996003e-01
1.681905597095870175e-01
1.634338090990715697e-01
1.238775244901372252e-01
1.336194289277917169e-01
9.344027791350846546e-02
9.890991451699383818e-02
7.737606249233962286e-02
8.419415469127784768e-02
7.455212288320317571e-02
7.924265024385028500e-02
7.590155873673488929e-02
9.908699377585140911e-02
1.088509948098942970e-01
8.616058608918150674e-02
7.101477003569615920e-02
5.310647628380450042e-02
5.486592004545533946e-02
7.905740735228861116e-02
7.560501441970265968e-02
8.305232240970665536e-02
1.048418095596838351e-01
5.374777729625442729e-02
4.045934702008308070e-02
4.813957146433957973e-02
4.523852021397140044e-02
7.431908094456943226e-02
9.498348314044474661e-02
1.120092345388949973e-01
6.785429885169350084e-02
9.688203468092647375e-02
7.883727828215496281e-02
1.360650018754143431e-01
9.302694997353264106e-02
1.129543548211876802e-01
8.714033851699255762e-02
1.074860722791502188e-01
7.093110569789624897e-02
8.134871549717051509e-02
5.968862701642525803e-02
5.175831220924306114e-02
4.877646994778900291e-02
3.805006745589892964e-02
3.493381113448230935e-02
3.853390127530714748e-02
3.074979678078944983e-02
2.363672193069697725e-02
2.015094176469453546e-02
1.838137003159102945e-02
1.961196707081808849e-02
2.016373741174586759e-02
1.687156192430551427e-02
1.573945736974987492e-02
1.005611473063586572e-02
9.188082020669492353e-03
6.661089877750373499e-03
6.994740234158230291e-03
6.569251031545642744e-03
8.983333701237763633e-03
1.046211697435796457e-02
1.041987531481915891e-02
9.060915005939260483e-03
9.009918273042172646e-03
6.238172863392124450e-03
6.594004332734155864e-03
5.446933840643496810e-03
5.317218558527704413e-03
3.881598242443036560e-03
3.503548077080417995e-03
2.853052402078969964e-03
2.905944669852281864e-03
2.438289559281270336e-03
2.548005204977253808e-03
2.099066451461460356e-03
2.130804217447445498e-03
2.167368202768805898e-03
1.756768128147390183e-03
2.033993833984774468e-03
2.355974872712655443e-03
2.791177675548032165e-03
3.375104845483569305e-03
1.968230749760582678e-03
2.158759715215981170e-03
1.812079165968049710e-03
1.945836473106882496e-03
2.034493800185539422e-03
2.055720049581892441e-03
2.082707512006275533e-03
2.401344685188605207e-03
2.109128600682898431e-03
2.199770214408528022e-03
2.047288810776192684e-03
1.849025250959962030e-03
1.848832420921839390e-03
2.328532010292358890e-03
1.805284394421903874e-03
1.838394364067514556e-03
2.050593728228090971e-03
1.953017842154758290e-03
2.063045586674646260e-03
2.000250010601023389e-03
2.156241324431372106e-03
1.846268464959407215e-03
2.047775177431971835e-03
1.526344725430255587e-03
2.121620062164732406e-03
1.619670000434696904e-03
1.912178961195011226e-03
1.923371958648043868e-03
1.928903086366846225e-03
1.819793843329680283e-03
2.045463104949438431e-03
1.779314934648128146e-03
1.699858761533989786e-03
2.204452487294024550e-03
1.884578270882005446e-03
1.841822880087695983e-03
2.017037961281066202e-03
1.840472766497511193e-03
1.607921771058000221e-03
1.609342543073758207e-03
1.626097840982787708e-03
2.076161707514864816e-03
1.540288113461010019e-03
1.619773141898180405e-03
1.914129162873214789e-03
1.799242116223729801e-03
1.959855177553115370e-03
1.819589602301024955e-03
1.463062303047906430e-03
1.740392683534778802e-03
2.118548437430217094e-03
1.842699122963299208e-03
1.707280874085423438e-03
2.772085255354441672e-03
2.109791049870683721e-03
1.803593325245188891e-03
1.939076263349906199e-03
1.663004947516793152e-03
1.933950890352250079e-03
