9.120000000000000329e-02
2.237000000000000099e-01
4.096000000000000196e-01
5.251000000000000112e-01
5.950999999999999623e-01
6.377000000000000446e-01
6.828999999999999515e-01
7.049999999999999600e-01
7.284000000000000474e-01
7.459000000000000075e-01
7.553999999999999604e-01
7.711000000000000076e-01
7.776999999999999469e-01
7.874999999999999778e-01
7.946999999999999620e-01
8.004999999999999893e-01
8.061000000000000387e-01
8.103000000000000203e-01
8.143000000000000238e-01
8.176999999999999824e-01
8.215999999999999970e-01
8.247999999999999776e-01
8.290999999999999481e-01
8.322000000000000508e-01
8.345000000000000195e-01
8.368999999999999773e-01
8.406000000000000139e-01
8.423000000000000487e-01
8.453000000000000513e-01
8.461999999999999522e-01
8.491999999999999549e-01
8.496000000000000218e-01
8.527000000000000135e-01
8.524000000000000465e-01
8.550999999999999712e-01
8.558000000000000052e-01
8.569999999999999840e-01
8.586000000000000298e-01
8.596000000000000307e-01
8.606000000000000316e-01
8.610999999999999766e-01
8.621999999999999664e-01
8.619999999999999885e-01
8.636000000000000343e-01
8.633999999999999453e-01
8.653999999999999471e-01
8.651999999999999691e-01
8.668000000000000149e-01
8.675000000000000488e-01
8.687000000000000277e-01
8.690999999999999837e-01
8.702999999999999625e-01
8.700999999999999845e-01
8.709999999999999964e-01
8.709000000000000075e-01
8.726000000000000423e-01
8.726000000000000423e-01
8.731999999999999762e-01
8.736000000000000432e-01
8.745000000000000551e-01
8.749000000000000110e-01
8.756000000000000449e-01
8.758000000000000229e-01
8.763999999999999568e-01
8.762999999999999678e-01
8.772999999999999687e-01
8.770000000000000018e-01
8.776000000000000467e-01
8.780999999999999917e-01
8.786000000000000476e-01
8.787000000000000366e-01
8.794999999999999485e-01
8.789000000000000146e-01
8.800999999999999934e-01
8.799000000000000155e-01
8.807000000000000384e-01
8.807000000000000384e-01
8.816000000000000503e-01
8.816000000000000503e-01
8.824999999999999512e-01
8.824999999999999512e-01
8.833999999999999631e-01
8.830999999999999961e-01
8.836000000000000520e-01
8.840999999999999970e-01
8.840999999999999970e-01
8.846000000000000529e-01
8.849000000000000199e-01
8.849000000000000199e-01
8.856000000000000538e-01
8.854999999999999538e-01
8.858000000000000318e-01
8.860999999999999988e-01
8.860999999999999988e-01
8.862999999999999767e-01
8.868000000000000327e-01
8.867000000000000437e-01
8.870000000000000107e-01
8.870999999999999996e-01
8.872999999999999776e-01
8.872999999999999776e-01
8.872999999999999776e-01
8.878000000000000336e-01
8.880000000000000115e-01
8.881999999999999895e-01
8.884999999999999565e-01
8.890000000000000124e-01
8.892999999999999794e-01
8.892999999999999794e-01
8.890000000000000124e-01
8.892999999999999794e-01
8.893999999999999684e-01
8.897000000000000464e-01
8.902999999999999803e-01
8.904999999999999583e-01
8.911000000000000032e-01
8.915999999999999481e-01
8.917000000000000481e-01
8.917000000000000481e-01
8.918000000000000371e-01
8.920000000000000151e-01
8.921000000000000041e-01
8.922999999999999821e-01
8.924999999999999600e-01
8.929000000000000270e-01
8.931000000000000050e-01
8.931999999999999940e-01
8.934999999999999609e-01
8.934999999999999609e-01
8.937000000000000499e-01
8.938000000000000389e-01
8.938000000000000389e-01
8.940000000000000169e-01
8.941000000000000059e-01
8.940000000000000169e-01
8.939000000000000279e-01
8.940000000000000169e-01
8.939000000000000279e-01
8.941999999999999948e-01
8.942999999999999838e-01
8.942999999999999838e-01
8.944999999999999618e-01
8.945999999999999508e-01
8.948000000000000398e-01
8.948000000000000398e-01
8.948000000000000398e-01
8.949000000000000288e-01
8.948000000000000398e-01
8.948000000000000398e-01
8.951000000000000068e-01
8.951999999999999957e-01
