6.280286762540785048e+02
4.089377872438255679e+01
3.197424997182143791e+00
5.111033231385682107e-01
1.841523032854683051e-01
1.534107670237152277e-01
1.571775838378851042e-01
1.734814478584303932e-01
1.702382948890332759e-01
1.906979399527782837e-01
1.862569615023118574e-01
1.957194089541213766e-01
1.858336996154579257e-01
2.014164111887926101e-01
1.871165657971881890e-01
2.036497662672237530e-01
1.955993498063528235e-01
1.992182052864332753e-01
2.018147911167611497e-01
1.871205441240888501e-01
1.786138129567341470e-01
1.535298649397919268e-01
1.469454384446463868e-01
1.418371654363194401e-01
1.402434260674136068e-01
1.489269336040099645e-01
1.494866636867066556e-01
1.533122455764995284e-01
1.583721581553819702e-01
1.570299157302538773e-01
1.508142309766450639e-01
1.398915287824126219e-01
1.275744871912872780e-01
1.184033134771392964e-01
1.136642291386759512e-01
1.096869943131212610e-01
1.060620921283034479e-01
1.017258907871067403e-01
9.827358224225969663e-02
9.383751242524285274e-02
9.100008339219753384e-02
8.709276462834301957e-02
8.413077089929861530e-02
8.076896196938257444e-02
7.734221879371799835e-02
7.451572412854652605e-02
7.072104567268339137e-02
6.847524125655633787e-02
6.453840161607241055e-02
6.286399273109369301e-02
5.896015218545930942e-02
5.773318591589048782e-02
5.398277275309833895e-02
5.292924928521740291e-02
4.934725560720142762e-02
4.824109470229495655e-02
4.478478781778199441e-02
4.362744219156083902e-02
4.032880082741926997e-02
3.915692851470002622e-02
3.611258192523467137e-02
3.488420105015181683e-02
3.206513509964372538e-02
3.072727097599167387e-02
2.810759393192477709e-02
2.669798745698240966e-02
2.428241921877706544e-02
2.288707037073925768e-02
2.071260107315055568e-02
1.943084530022283138e-02
1.760754719380814085e-02
1.656867945529448896e-02
1.507429576439602709e-02
1.430048043965549860e-02
1.308295015418865261e-02
1.250706876675386839e-02
1.150558535031740923e-02
1.105527871660123146e-02
1.019898083488175212e-02
9.821136587401347456e-03
9.073527053081573493e-03
8.734258238553808604e-03
8.071444976364906126e-03
7.765386308968430691e-03
7.172044877307401020e-03
6.897796628631429339e-03
6.371081505766968897e-03
6.128603255606558317e-03
5.666393828273653260e-03
5.452800523396336523e-03
5.055175449423621875e-03
4.872505592136236810e-03
4.535130393628583785e-03
4.381515027737135394e-03
4.096688029575400528e-03
3.967476836388423092e-03
3.726931000260125856e-03
3.617300830512908821e-03
3.416908097462753764e-03
3.325603821655663105e-03
3.158569669484984771e-03
3.086289726714233801e-03
2.943769875456851270e-03
2.888659708146711861e-03
2.765498450967653326e-03
2.726495679070139316e-03
2.619195682621792802e-03
2.590408087469694889e-03
2.496092602395075331e-03
2.475146974485524509e-03
2.393724945490257553e-03
2.380985428800414406e-03
2.309759242302856803e-03
2.303377498058283967e-03
2.242912344111036658e-03
2.241631078845494809e-03
2.191988227517309862e-03
2.193024614452037876e-03
2.152748205035723977e-03
2.155269985990101653e-03
2.123144869790421097e-03
2.125785201583741714e-03
2.101353686339590444e-03
2.103329724278600772e-03
2.083877125768541887e-03
2.084749496931852762e-03
2.069969411168666451e-03
2.069927462923791366e-03
2.058024398497471444e-03
2.057665217610000086e-03
2.047767777184108118e-03
2.046857594409528126e-03
2.038459396413661723e-03
2.037275740972489379e-03
2.030045822405624791e-03
2.028696338871519358e-03
2.022318208020950237e-03
2.020805524902554665e-03
2.015339461436735716e-03
2.013684123928526689e-03
2.008708015728454671e-03
2.006927279326008867e-03
2.002368266242578361e-03
2.000390152558239373e-03
1.996105964481683509e-03
1.994050582129161097e-03
1.989871442392792799e-03
1.987816325128581932e-03
1.983769458222965458e-03
1.981566112230202705e-03
1.977720386805367769e-03
