6.280286762540785048e+02
2.363767499751411094e+01
1.151586638747307711e+00
3.304412961696248097e-01
2.289639719669730733e-01
2.910205524710662295e-01
2.643275869044214854e-01
3.080627599020067664e-01
2.835993600615419608e-01
3.242081224358885350e-01
3.053839101903583764e-01
3.404775329075048762e-01
3.108471222559980873e-01
3.440278258681466750e-01
3.125507108376879839e-01
3.314917154162453916e-01
3.108787124023842385e-01
3.164985964285815800e-01
3.060909163914613540e-01
3.023878068931861729e-01
2.941632867354925795e-01
2.835097001821897944e-01
2.757510091755988046e-01
2.626109606982603983e-01
2.562689358760651404e-01
2.435264485863114781e-01
2.376101594473040146e-01
2.257490476864294493e-01
2.194645475995303519e-01
2.088654573566572636e-01
2.021861549696674087e-01
1.934052439741777707e-01
1.865144196137445143e-01
1.796154732613154392e-01
1.726275580428323075e-01
1.672860730842416210e-01
1.602422492385757458e-01
1.561694972146596971e-01
1.490998164611598842e-01
1.460504117366228927e-01
1.390716118116770428e-01
1.368632085278197463e-01
1.301061008982097311e-01
1.285745228588477118e-01
1.219990922276383560e-01
1.209778923994672267e-01
1.145607819767458097e-01
1.139356274862730750e-01
1.076669357346873718e-01
1.073178113641588272e-01
1.011881837588706340e-01
1.010539279304335514e-01
9.506939838081103489e-02
9.512014321102295333e-02
8.928046986328252999e-02
8.946683087393615674e-02
8.377624147648182751e-02
8.404080950989951948e-02
7.850544685587938776e-02
7.883887700229692819e-02
7.350948254841663254e-02
7.386809137355335175e-02
6.878369118488653067e-02
6.917386901128155796e-02
6.434077127287406161e-02
6.473200929550666782e-02
6.016281181625045271e-02
6.054229837209573056e-02
5.622586204049222908e-02
5.657278202018280189e-02
5.249365891446917953e-02
5.278949913474677985e-02
4.895101507208599739e-02
4.918614010808904091e-02
4.557133492783733975e-02
4.574478500310301399e-02
4.235961494240764180e-02
4.247929603328134268e-02
3.932454418606101676e-02
3.939118546875058913e-02
3.646333899710705456e-02
3.647819545448152678e-02
3.376050211975154675e-02
3.372908965341112064e-02
3.120810733492879532e-02
3.113284338646569310e-02
2.878052610624932950e-02
2.865196533861876643e-02
2.647001917264458007e-02
2.630486632012389928e-02
2.428592930652297838e-02
2.408811469187949889e-02
2.222419564030536296e-02
2.199810537147759912e-02
2.028006383880448169e-02
2.002725152657403029e-02
1.844662184723733916e-02
1.816762385890627329e-02
1.671986417856289112e-02
1.642312443949344239e-02
1.510073661565123140e-02
1.478672104659799029e-02
1.358540643289900089e-02
1.325790847772210894e-02
1.216931733953707795e-02
1.183336639637941855e-02
1.085590109437858768e-02
1.052100759190406631e-02
9.648900656613638646e-03
9.319667704929408478e-03
8.545224459763476124e-03
8.225935971323037818e-03
7.541719116850685058e-03
7.237078666226178479e-03
6.635294660458835973e-03
6.348639036663840038e-03
5.821639566263679157e-03
5.556915120954153756e-03
5.097900168160409903e-03
4.858255607433826020e-03
4.460172195303605848e-03
4.247081135339919600e-03
3.903566592641367645e-03
3.717564014480468498e-03
3.421970941086689352e-03
3.262333489754290581e-03
3.008606147507967253e-03
2.874863130568886069e-03
2.657789308328453726e-03
2.547879782210289018e-03
2.362452781135029618e-03
2.274495069385151346e-03
2.116234612889343267e-03
2.047772074202802110e-03
1.912759418430726253e-03
1.861027583424179101e-03
1.745801987810885990e-03
1.708362023551366314e-03
1.610180812523227204e-03
1.584539322570699144e-03
1.500841764526208771e-03
1.484532109695014352e-03
1.413428247591932193e-03
1.404071053444112859e-03
1.343977658583530915e-03
1.339479006148323144e-03
1.288933519535094335e-03
1.288141349800995487e-03
1.245614311536138823e-03
1.247278441424399305e-03
1.211640027666889769e-03
