1.887637494131980418e+02
1.754611535383600653e+02
5.059660946283680261e+01
4.321673142929677169e+01
3.936916416351389358e+01
3.671925618300659977e+01
3.468934405425376610e+01
3.304600505935619026e+01
3.167041000047481702e+01
3.048879020129669115e+01
2.946111175610801425e+01
2.855655491489712716e+01
2.775192789717991815e+01
2.703043639826863398e+01
2.638097920825002163e+01
2.579739477975163808e+01
2.527077341042242509e+01
2.479063734517674078e+01
2.435484006630150233e+01
2.395728112066647597e+01
2.359759286239942000e+01
2.327249185801199971e+01
2.297795713001220363e+01
2.270846773267592766e+01
2.246400243595523349e+01
2.224488815131949337e+01
2.204716057985162081e+01
2.186573764342906756e+01
2.169917066215435497e+01
2.154565648424472357e+01
2.140517548078813803e+01
2.127591061000829598e+01
2.115734537239220003e+01
2.104870162604224859e+01
2.094794579940971246e+01
2.085377909143320352e+01
2.076468430603174653e+01
2.068121325296852575e+01
2.060267249980501703e+01
2.052895281153247353e+01
2.045916418618320876e+01
2.039364202551995575e+01
2.033220295709161718e+01
2.027394273574471839e+01
2.021853095102859399e+01
2.016686650470579778e+01
2.011763838544274563e+01
2.007073266545387824e+01
2.002612334083999812e+01
1.998325323837319090e+01
1.994251650755754568e+01
1.990328507076902653e+01
1.986578636640377837e+01
1.982999110171940771e+01
1.979582380189725654e+01
1.976283724100606776e+01
1.973129349454461234e+01
1.970093037265008817e+01
1.967180539744779466e+01
1.964393385329944408e+01
1.961715627885882895e+01
1.959123580134638232e+01
1.956672909866944110e+01
1.954318180033741470e+01
1.952043131555090127e+01
1.949895584716706054e+01
1.947794270238446046e+01
1.945783937071037073e+01
1.943851148118053729e+01
1.941995527251651055e+01
1.940210319849043685e+01
1.938514517253857861e+01
1.936874933164283874e+01
1.935295307814863364e+01
1.933794849771341973e+01
1.932341516066037457e+01
1.930940166182389106e+01
1.929604624277236624e+01
1.928323164150538460e+01
1.927100216202342509e+01
1.925917448791037856e+01
1.924785460138376436e+01
1.923695794541887594e+01
1.922666919041138200e+01
1.921685636514255791e+01
1.920738854277000129e+01
1.919830913990869448e+01
1.918960214897904848e+01
1.918124874979802641e+01
1.917331512352717127e+01
1.916574362228278972e+01
1.915849508287987035e+01
1.915160740766267011e+01
1.914499232160892817e+01
1.913858508686999471e+01
1.913263328958760923e+01
1.912690718294855330e+01
1.912126674949323402e+01
1.911605100871890173e+01
1.911104819724540960e+01
1.910632593341162178e+01
1.910187202321004563e+01
1.909773107634412170e+01
1.909378473421603317e+01
1.909007460978886428e+01
1.908661501796413162e+01
1.908342173159028476e+01
1.908036445988771490e+01
1.907761926944035125e+01
1.907500823294128622e+01
1.907259396403268070e+01
1.907041116721677554e+01
1.906850265025251900e+01
1.906667224958072637e+01
1.906499188834688141e+01
1.906358192208636737e+01
1.906237086221725718e+01
1.906130059139602650e+01
1.906033237678234116e+01
1.905971941640916612e+01
1.905908750923892825e+01
1.905868362149248441e+01
1.905835964108616309e+01
1.905816408813589291e+01
1.905818769313246008e+01
1.905830383544218520e+01
1.905854197389493976e+01
1.905898606159542297e+01
1.905951294600404466e+01
1.906014888268685326e+01
1.906092495942647602e+01
1.906181986778659265e+01
1.906283614802147497e+01
1.906407136832070748e+01
1.906542576033519154e+01
1.906679398788586965e+01
1.906832510214590215e+01
1.906991606599055089e+01
1.907169407044890264e+01
1.907358107784380508e+01
1.907552105227276584e+01
1.907755637713890451e+01
1.907981860413045183e+01
1.908204808954318565e+01
1.908444037870945209e+01
1.908690719729423790e+01
1.908940554520214050e+01
1.909201151790235684e+01
1.909483281907706953e+01
1.909758056093964385e+01
1.910044906255875219e+01
