1.887637494131980418e+02
1.005427640704163252e+02
8.186031698096221021e+01
7.375601057023214935e+01
6.742105145839755664e+01
6.339984044547529152e+01
6.037970257522502493e+01
5.808017266861811123e+01
5.653853800673844887e+01
5.515570896552322466e+01
5.460736461318578705e+01
5.382599966936354718e+01
5.384530179342526424e+01
5.309794859765293040e+01
5.310159474487971920e+01
5.230474934516720253e+01
5.164890842586930120e+01
5.111326338098307787e+01
5.062654616241885464e+01
5.036590309127585385e+01
5.042746618626993182e+01
5.126809991425842838e+01
5.231123879500498930e+01
5.474877118034067536e+01
5.708032470072923559e+01
6.085945416674521624e+01
6.387253309794981959e+01
6.806058445068188689e+01
7.066223709112580309e+01
7.417128815578449519e+01
7.563270982272209153e+01
7.798493542799076295e+01
7.799138401553253175e+01
7.920195314501904704e+01
7.783000227710131469e+01
7.801012095955309178e+01
7.543389693434704668e+01
7.468391244791671113e+01
7.117944600907843267e+01
6.960831373312980475e+01
6.550452624649663846e+01
6.332429784867400002e+01
5.894578477235986469e+01
5.631434562294440127e+01
5.193879730149905072e+01
4.903262053474732340e+01
4.494264764337234652e+01
4.199836921899564857e+01
3.845618970253541136e+01
3.577786391944560052e+01
3.293528066782408104e+01
3.075931345240301340e+01
2.867000546699249597e+01
2.709545561208659947e+01
2.570594493530727931e+01
2.469265539533533627e+01
2.385043045532685824e+01
2.323027627188293565e+01
2.273621620216602679e+01
2.236846913243227775e+01
2.207103501072373319e+01
2.184339278724450750e+01
2.165234571822512422e+01
2.149686183793323124e+01
2.136247005883916117e+01
2.124597252134420700e+01
2.114170205904720135e+01
2.104727487096620209e+01
2.096025836177728152e+01
2.087919230097733347e+01
2.080285909405346345e+01
2.073043011906351651e+01
2.066129128852737296e+01
2.059486812699432434e+01
2.053092886429514152e+01
2.046902345900190312e+01
2.040904687656746219e+01
2.035068403343678156e+01
2.029392538474186836e+01
2.023852817862931275e+01
2.018451172460520837e+01
2.013164339092474719e+01
2.007999276325044491e+01
2.002936714308135535e+01
1.997982880063871747e+01
1.993121503001141193e+01
1.988358044488482435e+01
1.983681357002086898e+01
1.979094719785110001e+01
1.974588432589970211e+01
1.970166249986096929e+01
1.965817919106637390e+01
1.961548151521660444e+01
1.957346310797993638e+01
1.953217904671777561e+01
1.949153017320420034e+01
1.945157843568628309e+01
1.941224024212797516e+01
1.937354774254615819e+01
1.933543425067825083e+01
1.929793293493220219e+01
1.926097552419264858e+01
1.922460214357993991e+01
1.918874469261670512e+01
1.915343946990747526e+01
1.911862407723537771e+01
1.908434077529484085e+01
1.905051778023125308e+01
1.901720685196329441e+01
1.898433705818949946e+01
1.895195513975494706e+01
1.891998708058690326e+01
1.888848471743203206e+01
1.885737823856171858e+01
1.882671885183984628e+01
1.879644165807865619e+01
1.876659102735429840e+01
1.873710576528343452e+01
1.870802244063086661e+01
1.867928746511527294e+01
1.865093830846484479e+01
1.862292565833576674e+01
1.859528216307748139e+01
1.856796104591881402e+01
1.854099476844024963e+01
1.851434356134375747e+01
1.848802904077811959e+01
1.846201477392613199e+01
1.843632527533575427e+01
1.841092467479607819e+01
1.838584063766484888e+01
1.836103935193924741e+01
1.833653583683525667e+01
1.831230641714224561e+01
1.828836867108561393e+01
1.826469340453073187e+01
1.824130448271559857e+01
1.821816371167407311e+01
1.819530027496278279e+01
1.817267874188273424e+01
1.815032433948122303e+01
1.812820423808849313e+01
1.810634249813921670e+01
1.808470715444990162e+01
1.806332009133573635e+01
1.804215159729594831e+01
1.802121982084739926e+01
1.800050507130702826e+01
1.798002080311495732e+01
1.795974605916610400e+01
1.793969325347200083e+01
