2.809017228263750440e+04
3.383002885477842938e+04
3.521833577448124561e+04
3.580170207777775795e+04
3.624983538137373398e+04
3.667363929980039393e+04
3.709837150181726611e+04
3.753306758161925973e+04
3.797968982776693156e+04
3.844199091595927894e+04
3.890922914438380394e+04
3.939414685636280046e+04
3.988300704879246769e+04
4.039202449745839840e+04
4.089762316331017792e+04
4.141701663174777786e+04
4.191832950949828955e+04
4.243272107470135234e+04
4.294042271652967611e+04
4.344897885013329505e+04
4.396024295199577318e+04
4.447229695133683708e+04
4.499885319105758390e+04
4.554042285801210528e+04
4.611604251100556576e+04
4.671976548854284920e+04
4.737917115922251833e+04
4.807072423804267601e+04
4.881701984632705717e+04
4.959095798006076075e+04
5.040758808384324948e+04
5.124461460298945894e+04
5.210999978020913841e+04
5.298543794225079182e+04
5.387698703695923905e+04
5.476776934276588145e+04
5.566273859136211104e+04
5.654622948178766819e+04
5.742165003822318249e+04
5.827511994527914067e+04
5.910748760717756522e+04
5.990841518004817044e+04
6.067516148270409030e+04
6.140142386848561000e+04
6.207952582121282467e+04
6.270991338990446093e+04
6.327775345480938267e+04
6.379524248442667158e+04
6.423941218878742075e+04
6.463530254556862928e+04
6.495818890143437602e+04
6.524041658489284600e+04
6.546208204799127270e+04
6.565392047864085180e+04
6.580511842093837913e+04
6.593888862375830649e+04
6.604713480257599440e+04
6.614773482425819384e+04
6.623422408031474333e+04
6.631763901291025104e+04
6.639622942212547059e+04
6.647313910476207093e+04
6.654872334060256253e+04
6.662380088263364451e+04
6.669838069194929267e+04
6.677274726996989921e+04
6.684680967770604184e+04
6.692073279848870880e+04
6.699443486850615591e+04
6.706800448373373365e+04
6.714140424389479449e+04
6.721466352847607050e+04
6.728779090404100134e+04
6.736078385910586803e+04
6.743364261583426560e+04
6.750638671990000876e+04
6.757901995660689136e+04
6.765153621457311965e+04
6.772395650742763246e+04
6.779627123596856836e+04
6.786848323621001327e+04
6.794059354945209634e+04
6.801260665077617159e+04
6.808450779603514820e+04
6.815632105700801185e+04
6.822802680147610954e+04
6.829965561743400758e+04
6.837117605750299117e+04
6.844262829379244067e+04
6.851397924809745746e+04
6.858526168009538378e+04
6.865644646191530046e+04
6.872755850483603717e+04
6.879858532153599663e+04
6.886954597279886366e+04
6.894043561682059953e+04
6.901126251346211939e+04
6.908202137505890278e+04
6.915271907234133687e+04
6.922335231935576303e+04
6.929392577115024324e+04
6.936444107607263140e+04
6.943489996255628648e+04
6.950530609627391095e+04
6.957565702830173541e+04
6.964595794466145162e+04
6.971620915466628503e+04
6.978641680923019885e+04
6.985658496162654774e+04
6.992670936792851717e+04
6.999679352484994160e+04
7.006683568196778651e+04
7.013683546902566741e+04
7.020679637089400785e+04
7.027671670704854478e+04
7.034659848421662173e+04
7.041644137134822085e+04
7.048624855481251143e+04
7.055601571541905287e+04
7.062574978313859901e+04
7.069544682797697897e+04
7.076510756931675132e+04
7.083473144819920708e+04
7.090432370333903236e+04
7.097387813879566966e+04
7.104340282287428272e+04
7.111289673843215860e+04
7.118236485211491527e+04
7.125180439835881407e+04
7.132122506414323288e+04
7.139061939252424054e+04
7.145999369905611093e+04
7.152934274470875971e+04
7.159867001965636155e+04
7.166797270150958502e+04
7.173725857016879309e+04
7.180651796262756397e+04
7.187576291477277118e+04
7.194498493044826319e+04
7.201419075370155042e+04
7.208337655717517191e+04
7.215254981006079470e+04
7.222170373430695327e+04
7.229084505663748132e+04
7.235996832048689248e+04
7.242907683570201334e+04
7.249816851443373889e+04
7.256724708695920708e+04
7.263630826109732152e+04
7.270536043556530785e+04
