1.150194235091980772e+02
6.230559782823542747e+01
5.248676363839123127e+01
4.877446344149804958e+01
4.559761182552609426e+01
4.421183868838340203e+01
4.153496484470764472e+01
4.036726053620146359e+01
3.868315814221393367e+01
3.777990254391868774e+01
3.659396662409272238e+01
3.576388874780943183e+01
3.473034140522701563e+01
3.401731916685859147e+01
3.319716849851682383e+01
3.267447418210722532e+01
3.209796743699954646e+01
3.159641222720012266e+01
3.125171120510009004e+01
3.064973271823643231e+01
3.043703950758229482e+01
2.978994394265959400e+01
2.963639826107035802e+01
2.900824948773158596e+01
2.891319576564907834e+01
2.834164928606860911e+01
2.830759007997911425e+01
2.779227597240907244e+01
2.775877957685948516e+01
2.724013836662749100e+01
2.715950365234381891e+01
2.658996773538972391e+01
2.649489727930265559e+01
2.585565516625256777e+01
2.577994578854037044e+01
2.507785465591892660e+01
2.501197892035539283e+01
2.429409018594482106e+01
2.423273292748877594e+01
2.355491016716812425e+01
2.352865268779760299e+01
2.292793892597103778e+01
2.296703637036612022e+01
2.244637505990091242e+01
2.253371383916498871e+01
2.206558115991826696e+01
2.214886607178815225e+01
2.170253576697646380e+01
2.174994176684339564e+01
2.131476456715299506e+01
2.132473217129410870e+01
2.090722031734413022e+01
2.088419567942233357e+01
2.049137029850863811e+01
2.043811508978015823e+01
2.006869043829033572e+01
1.998565526503644918e+01
1.962958488048581884e+01
1.951528550785602434e+01
1.916267044321032031e+01
1.901666651107552042e+01
1.866641622284473456e+01
1.849143431250384140e+01
1.815117784480102969e+01
1.795221926465317708e+01
1.763204631642007669e+01
1.741523935909129506e+01
1.712366076748675070e+01
1.689548328501131991e+01
1.663690197019084849e+01
1.640301441183413189e+01
1.617822546935294881e+01
1.594316028153847142e+01
1.575043853313748521e+01
1.551739018559161742e+01
1.535361305481339755e+01
1.512470598586839543e+01
1.498628145913630050e+01
1.476297517971111262e+01
1.464620972211082162e+01
1.442948696484098114e+01
1.433086055178932305e+01
1.412144566010065105e+01
1.403772452344319355e+01
1.383603551080962113e+01
1.376432011721195714e+01
1.357074080130735894e+01
1.350842572182924783e+01
1.332307916395966707e+01
1.326792190729257470e+01
1.309086652189918354e+01
1.304094228885592166e+01
1.287218539107236204e+01
1.282581275597111592e+01
1.266525667596672378e+01
1.262101386175210216e+01
1.246852837093093846e+01
1.242518844323629601e+01
1.228064839557211840e+01
1.223721687230665367e+01
1.210050453166880580e+01
1.205617215904232786e+01
1.192723570665742550e+01
1.188143467576645129e+01
1.176028520570412539e+01
1.171269927913414755e+01
1.159944375175575360e+01
1.155001291088344040e+01
1.144490269773870139e+01
1.139391478015729575e+01
1.129731093244465434e+01
1.124539793550719935e+01
1.115772994316700917e+01
1.110578382995005242e+01
1.102738601986373546e+01
1.097641060217834763e+01
1.090743630726883673e+01
1.085830910843965924e+01
1.079857194609021676e+01
1.075189628286106291e+01
1.070082729705271340e+01
1.065688425071587631e+01
1.061361431710929715e+01
1.057236887785410140e+01
1.053584756018325663e+01
1.049708397550020500e+01
1.046621196814767529e+01
1.042961610843870268e+01
1.040335758104772879e+01
1.036861302161550746e+01
1.034604867721080090e+01
1.031286667201780816e+01
1.029321969191499697e+01
1.026136767990841925e+01
1.024401002623238277e+01
1.021331631013495134e+01
1.019775148285379629e+01
1.016808450522456653e+01
1.015392481747611164e+01
1.012519880685892737e+01
1.011214845916734717e+01
1.008430416651870054e+01
1.007213858687161689e+01
1.004514368033876615e+01
1.003369226431267158e+01
1.000753532693430436e+01
9.996674608061825396e+00
9.971353051429970193e+00
9.960987766855698311e+00
9.936509108152350223e+00
9.926564944091568421e+00
