1.887637494131980418e+02
1.019385342437303308e+02
8.511733946993982158e+01
8.044381842130594862e+01
7.449334490140788034e+01
7.083341145316362031e+01
6.675740560236631893e+01
6.380908293490465155e+01
6.133111804941773215e+01
5.874974067678162015e+01
5.690898653962231180e+01
5.462570591206457493e+01
5.315450485677349235e+01
5.135576128003390295e+01
5.010715780709215039e+01
4.871798274960636377e+01
4.752283915546725979e+01
4.637441092682127675e+01
4.515143799857120399e+01
4.418883315253339106e+01
4.298420375675080152e+01
4.217850663970373404e+01
4.105451284297946302e+01
4.039774517580414681e+01
3.938243980054529914e+01
3.883612118152843351e+01
3.791215190751309194e+01
3.744086218121993426e+01
3.659557401412025968e+01
3.619252410171952050e+01
3.541914665857522948e+01
3.507669682603386718e+01
3.436732410467327270e+01
3.407386371118961677e+01
3.341914607583112229e+01
3.316495822914365732e+01
3.255209584328400751e+01
3.233055593188366572e+01
3.174662940123576860e+01
3.155608259459662790e+01
3.099457387812310216e+01
3.083660939914805610e+01
3.029647066224721641e+01
3.017160995542372959e+01
2.965301033563775945e+01
2.955934325858871503e+01
2.906177754764514276e+01
2.899587416559941389e+01
2.851851178924612285e+01
2.847638961375461619e+01
2.801880676059634823e+01
2.799605722224751503e+01
2.755902062710439893e+01
2.755071170055463270e+01
2.713776808027409260e+01
2.713882236620984401e+01
2.675640294642730410e+01
2.676141886811500470e+01
2.641458469069977966e+01
2.641686371063604710e+01
2.610430567799591373e+01
2.609656947006306993e+01
2.581052594680919654e+01
2.578706832770436108e+01
2.551797831754252144e+01
2.547701325102062242e+01
2.521843696350675401e+01
2.516277737943243409e+01
2.491295366214694695e+01
2.484867133941367001e+01
2.460869029758548621e+01
2.454233977264707178e+01
2.431332839770646359e+01
2.424935998037682339e+01
2.403056246935597784e+01
2.397021214342132822e+01
2.375875537058654885e+01
2.370052354429527242e+01
2.349244956331562051e+01
2.343353350878278007e+01
2.322503721896753959e+01
2.316266244904134197e+01
2.295103406310122907e+01
2.288336948873232402e+01
2.266737065857084588e+01
2.259366648594829030e+01
2.237336259508776948e+01
2.229383877699369521e+01
2.207026769181076631e+01
2.198579233748208139e+01
2.176057406882141265e+01
2.167236004721420173e+01
2.144746316200660630e+01
2.135690890782588269e+01
2.113436768816952238e+01
2.104289888339600267e+01
2.082468593781962340e+01
2.073365025980637100e+01
2.052160525796255186e+01
2.043220266541097629e+01
2.022795717315909769e+01
2.014122073644090349e+01
1.994619745637526975e+01
1.986300302488852765e+01
1.967842650448888620e+01
1.959947510660894565e+01
1.942632709973609551e+01
1.935216496455826274e+01
1.919119469754820173e+01
1.912222197793897038e+01
1.897393467668116784e+01
1.891044332426357855e+01
1.877513242184626563e+01
1.871735688934037611e+01
1.859511777368239294e+01
1.854322925954535251e+01
1.843396894595107227e+01
1.838805124903594290e+01
1.829148975565555091e+01
1.825146410126991370e+01
1.816708606034917395e+01
1.813264031082537642e+01
1.805965992727210079e+01
1.803021107605306383e+01
1.796756705042552582e+01
1.794230412453709889e+01
1.788872283494582049e+01
1.786672843766631757e+01
1.782083601580063004e+01
1.780122168350292711e+01
1.776167256977100806e+01
1.774368404704706137e+01
1.770925729046249231e+01
1.769232061750764373e+01
1.766197551128525944e+01
1.764569387882787055e+01
1.761858298308692383e+01
1.760270541191213312e+01
1.757815882411428987e+01
1.756254103939104994e+01
1.754003748149014541e+01
1.752460644655364774e+01
1.750374244912622856e+01
1.748846903226764127e+01
1.746893258972632879e+01
1.745381262450871773e+01
1.743536239099919882e+01
1.742040442794604260e+01
1.740285376971610631e+01
1.738807152868246320e+01
1.737127615467105102e+01
