4.328067756907274521e+00
2.096225607555392223e+00
2.029703972683742030e+00
2.029697301121689001e+00
2.029692625418215712e+00
2.029692087468981665e+00
2.029692893501787498e+00
2.029688088428014847e+00
2.029693004485606966e+00
2.029693004742812334e+00
2.029692998091922274e+00
2.029692999768153427e+00
2.029693002585386985e+00
2.029693002587373840e+00
2.029693004623167152e+00
2.029693004623142727e+00
2.029693004622474817e+00
2.029693004623026820e+00
2.029693004623014829e+00
2.029693004623013941e+00
2.029693004623015717e+00
2.029693004623016606e+00
2.029693004623014829e+00
2.029693004623014829e+00
2.029693004623014829e+00
2.029693004623014829e+00
2.029693004623014829e+00
2.029693004623014829e+00
2.029693004623014829e+00
2.029693004623014829e+00
2.029693004623014829e+00
2.029693004623014829e+00
2.029693004623014829e+00
2.029693004623014829e+00
2.029693004623014829e+00
2.029693004623014829e+00
2.029693004623014829e+00
2.029693004623014829e+00
2.029693004623014829e+00
2.029693004623014829e+00
2.029693004623014829e+00
2.029693004623014829e+00
2.029693004623014829e+00
2.029693004623014829e+00
2.029693004623014829e+00
2.029693004623014829e+00
2.029693004623014829e+00
2.029693004623014829e+00
2.029693004623014829e+00
2.029693004623014829e+00
2.029693004623014829e+00
2.029693004623014829e+00
2.029693004623014829e+00
2.029693004623014829e+00
2.029693004623014829e+00
2.029693004623014829e+00
2.029693004623014829e+00
2.029693004623014829e+00
2.029693004623014829e+00
2.029693004623014829e+00
2.029693004623014829e+00
2.029693004623014829e+00
2.029693004623014829e+00
2.029693004623014829e+00
2.029693004623014829e+00
2.029693004623014829e+00
2.029693004623014829e+00
2.029693004623014829e+00
2.029693004623014829e+00
2.029693004623014829e+00
2.029693004623014829e+00
2.029693004623014829e+00
2.029693004623014829e+00
2.029693004623014829e+00
2.029693004623014829e+00
2.029693004623014829e+00
2.029693004623014829e+00
2.029693004623014829e+00
2.029693004623014829e+00
2.029693004623014829e+00
2.029693004623014829e+00
2.029693004623014829e+00
2.029693004623014829e+00
2.029693004623014829e+00
2.029693004623014829e+00
2.029693004623014829e+00
2.029693004623014829e+00
2.029693004623014829e+00
2.029693004623014829e+00
2.029693004623014829e+00
2.029693004623014829e+00
2.029693004623014829e+00
2.029693004623014829e+00
2.029693004623014829e+00
2.029693004623014829e+00
2.029693004623014829e+00
2.029693004623014829e+00
2.029693004623014829e+00
2.029693004623014829e+00
2.029693004623014829e+00
2.029693004623014829e+00
2.029693004623014829e+00
2.029693004623014829e+00
2.029693004623014829e+00
2.029693004623014829e+00
2.029693004623014829e+00
2.029693004623014829e+00
2.029693004623014829e+00
2.029693004623014829e+00
2.029693004623014829e+00
2.029693004623014829e+00
2.029693004623014829e+00
2.029693004623014829e+00
2.029693004623014829e+00
2.029693004623014829e+00
2.029693004623014829e+00
2.029693004623014829e+00
2.029693004623014829e+00
2.029693004623014829e+00
2.029693004623014829e+00
2.029693004623014829e+00
2.029693004623014829e+00
2.029693004623014829e+00
2.029693004623014829e+00
2.029693004623014829e+00
2.029693004623014829e+00
2.029693004623014829e+00
2.029693004623014829e+00
2.029693004623014829e+00
2.029693004623014829e+00
2.029693004623014829e+00
2.029693004623014829e+00
2.029693004623014829e+00
2.029693004623014829e+00
2.029693004623014829e+00
2.029693004623014829e+00
2.029693004623014829e+00
2.029693004623014829e+00
2.029693004623014829e+00
2.029693004623014829e+00
2.029693004623014829e+00
2.029693004623014829e+00
2.029693004623014829e+00
2.029693004623014829e+00
2.029693004623014829e+00
2.029693004623014829e+00
2.029693004623014829e+00
2.029693004623014829e+00
2.029693004623014829e+00
2.029693004623014829e+00
2.029693004623014829e+00
