1.486571998862057740e+02
8.465334172131383639e+01
6.895600308962229974e+01
6.319397705235842011e+01
5.881190149052986982e+01
5.642065636028306841e+01
5.357260264385382698e+01
5.177730751015446486e+01
4.996664263149752117e+01
4.889263678033631066e+01
4.742451591672653421e+01
4.660821667012711345e+01
4.518615202958830679e+01
4.438031833031460138e+01
4.295032327637728287e+01
4.191863979548596575e+01
4.056628351973073165e+01
3.964766160616874657e+01
3.858603854451162363e+01
3.775590425553096452e+01
3.675222908136226607e+01
3.608572464739980035e+01
3.528436163923245772e+01
3.473863905853713163e+01
3.411622736588770977e+01
3.353606333298150588e+01
3.286392063237648387e+01
3.226549575094130518e+01
3.165940515539267963e+01
3.108509456594228482e+01
3.045531764315145296e+01
2.995961397037226348e+01
2.940756638947929247e+01
2.895379444803017677e+01
2.846637343882260396e+01
2.804558892080251198e+01
2.746778698376356687e+01
2.706144913892819304e+01
2.652327433179774019e+01
2.617444543285081338e+01
2.574463834480064506e+01
2.537421781012974265e+01
2.493623064871010797e+01
2.465867220366617829e+01
2.419784084991233186e+01
2.387428669611136201e+01
2.347491908134854555e+01
2.319639068252498149e+01
2.285415084337034486e+01
2.259937485373057697e+01
2.224557323656947361e+01
2.200778699777216829e+01
2.167932864815671579e+01
2.149991438300843427e+01
2.115109453591930233e+01
2.099123540104518071e+01
2.066626765055959680e+01
2.050292023865425861e+01
2.022077650693854167e+01
2.006902207767229740e+01
1.978175031617820423e+01
1.962681347041408841e+01
1.934526829415386828e+01
1.921272874879490544e+01
1.893632923616330288e+01
1.881631940429438643e+01
1.854280087852335157e+01
1.842880660639529111e+01
1.816260731998272249e+01
1.806931203257784446e+01
1.781542936629676177e+01
1.773123215165882272e+01
1.746463270496322906e+01
1.737957255979542737e+01
1.714700569524834961e+01
1.707988535752338422e+01
1.684989981237786694e+01
1.676487863739751205e+01
1.653757182988032071e+01
1.648108906635102855e+01
1.626685481079653073e+01
1.620284909496962555e+01
1.599124464348532015e+01
1.594362913687303518e+01
1.574015803356840948e+01
1.569241429339733607e+01
1.550101866087302760e+01
1.545538852968294208e+01
1.528503708395564509e+01
1.524156445485939493e+01
1.507687002202263038e+01
1.504183074263085906e+01
1.488309376048026955e+01
1.484210855548162833e+01
1.469878678231002844e+01
1.466429766851952188e+01
1.453395537558094475e+01
1.450161874663823625e+01
1.437772985422008354e+01
1.434430447603026160e+01
1.423107822669958189e+01
1.419786812944748711e+01
1.409647755178657746e+01
1.406778657715083014e+01
1.397562723047294320e+01
1.394500404725375198e+01
1.385867017690285330e+01
1.383038225716308034e+01
1.375097125249713415e+01
1.372308988157818810e+01
1.365213831816323697e+01
1.362405952711649881e+01
1.355774802057099926e+01
1.353082709088472946e+01
1.347071726762392885e+01
1.344231640619545765e+01
1.338926383590427704e+01
1.336111252360742618e+01
1.331313130821514079e+01
1.328639811081797006e+01
1.324231030144781585e+01
1.321801881823014568e+01
1.317707030236642929e+01
1.315351731972165261e+01
1.311642617310550918e+01
1.309371814134947698e+01
1.305946467564970703e+01
1.303799366317478992e+01
1.300715178359039648e+01
1.298658223952946322e+01
1.295829244183742901e+01
1.293925871231298785e+01
1.291311527519703084e+01
1.289470483500459075e+01
1.287041472919435314e+01
1.285338907790441887e+01
1.283090225033373066e+01
1.281452479189303340e+01
1.279349303995297404e+01
1.277755560835293380e+01
1.275763449681017647e+01
1.274251135020906389e+01
1.272380084706703940e+01
1.270891034087562588e+01
1.269124559710536992e+01
1.267660079047152166e+01
1.265984799585989151e+01
1.264561726202156855e+01
1.262975509660594398e+01
1.261606612924297366e+01
1.260060669314775694e+01
