7.676963981881536938e+02
7.250990535199011902e+02
7.194020865953048087e+02
7.160230213158254173e+02
7.129145739307874692e+02
7.101285882584210185e+02
7.076453332236168308e+02
7.053080885621156995e+02
7.032450686816044936e+02
7.012745642234772276e+02
6.995493794105085499e+02
6.978874380758645657e+02
6.963778508332185311e+02
6.949210221540730572e+02
6.935827821271676612e+02
6.923156679919605949e+02
6.911150308120226100e+02
6.899631165941932522e+02
6.888740736439635839e+02
6.878275919591600314e+02
6.868377913132438835e+02
6.858726847248002514e+02
6.849276223527945149e+02
6.840407482425194985e+02
6.831609346690904658e+02
6.823395801457431844e+02
6.815275748207994866e+02
6.807559788159765048e+02
6.799906172052798183e+02
6.792570519689738830e+02
6.785187951778490287e+02
6.778210299011984716e+02
6.771458276275603794e+02
6.764959738112885361e+02
6.758526504861815738e+02
6.752313567914158057e+02
6.746142270556172207e+02
6.740312076054448198e+02
6.734577983419136444e+02
6.728929158426554977e+02
6.723331157204347619e+02
6.717772494244495647e+02
6.712423083618624560e+02
6.707128394769025590e+02
6.701882664239416272e+02
6.696683235359766968e+02
6.691324880309863374e+02
6.686406732042881913e+02
6.681260491676379161e+02
6.676386353305960029e+02
6.671733708773804210e+02
6.667003379774326959e+02
6.662191852078996135e+02
6.657714115612360501e+02
6.653161309131056669e+02
6.648646369837281327e+02
6.644215553842345798e+02
6.639885126852284429e+02
6.635505959470464177e+02
6.631271102074506416e+02
6.627041881361318474e+02
6.622935290222482081e+02
6.618620192777568718e+02
6.614500348177598426e+02
6.610463913299525984e+02
6.606551189259280363e+02
6.602529529390347989e+02
6.598554239076884187e+02
6.594754965648960479e+02
6.591002837150524556e+02
6.587254455592512841e+02
6.583527195777371617e+02
6.579814684257869430e+02
6.576071739374283425e+02
6.572420582482063764e+02
6.568855214095184465e+02
6.565305352208642944e+02
6.561778038286354331e+02
6.558287838115259092e+02
6.554857033995169786e+02
6.551391418550064145e+02
6.547957645198247292e+02
6.544538237739138822e+02
6.541130088424396263e+02
6.537803514544660857e+02
6.534472071552329453e+02
6.531236994626176511e+02
6.527985545242729586e+02
6.524762346671965361e+02
6.521537619895667603e+02
6.518381219184950623e+02
6.515253162341808775e+02
6.512149318972913079e+02
6.509054144318016597e+02
6.505999917828295338e+02
6.502978455860907161e+02
6.499974321165973379e+02
6.496979625212104565e+02
6.494003571506240178e+02
6.491064049461668901e+02
6.488135581507310690e+02
6.485247813313224015e+02
6.482369212566430861e+02
6.479529117152130766e+02
6.476686824892228742e+02
6.473876748270802182e+02
6.471084927437241276e+02
6.468323372064969590e+02
6.465566996599904996e+02
6.462839277732064147e+02
6.460140827372093781e+02
6.457453670774081047e+02
6.454786142768841728e+02
6.452122098559893857e+02
6.449475888607521483e+02
6.446857363262424769e+02
6.444261590553981023e+02
6.441680897533121879e+02
6.439096979796227060e+02
6.436541916595442672e+02
6.433999955138143605e+02
6.431460783136985810e+02
6.428972545465157964e+02
6.426483317170929013e+02
6.424020032562756342e+02
6.421563034425628302e+02
6.419110004765159374e+02
6.416679571921163188e+02
6.414257083539627047e+02
6.411857484073111664e+02
6.409472779316405422e+02
6.407090686524884404e+02
6.404726739260793238e+02
6.402368625011698668e+02
6.400024243448182233e+02
6.397696378087549647e+02
6.395381937221277440e+02
6.393080806802155394e+02
6.390810001787515375e+02
6.388533602115294343e+02
6.386279203664064426e+02
6.384030884733907669e+02
6.381795142212201881e+02
6.379594051137921724e+02
6.377383756932625829e+02
6.375174383508856408e+02
6.372997622935980644e+02
6.370824038822635202e+02
6.368657491003010591e+02
6.366504196016252308e+02
