4.437845965502583923e+00
1.637523723367309913e+03
1.636979937834642669e+03
1.636281706243893268e+03
1.635814363744214916e+03
1.635448172296363509e+03
1.635264923058856766e+03
1.635122274962754545e+03
1.634988146227876541e+03
1.634893577328154151e+03
1.634812349502729830e+03
1.634735243587384957e+03
1.634668309423746678e+03
1.634603433456066114e+03
1.634540477577198772e+03
1.634469214306099047e+03
1.634412482728030454e+03
1.634300926196005548e+03
1.634260795413472579e+03
1.634239636548758881e+03
1.634213149273967701e+03
1.634174797257791397e+03
1.634153595483422805e+03
1.634130318935706327e+03
1.634118608660127165e+03
1.634090985684386169e+03
1.634045128947679359e+03
1.634024521803751895e+03
1.634019767119270455e+03
1.634026793325154131e+03
1.634004189294922526e+03
1.633970629062615444e+03
1.633975480813026934e+03
1.633942413809425489e+03
1.633937070734539020e+03
1.633914799945260938e+03
1.633908307955339524e+03
1.633889600508198100e+03
1.633884026477740917e+03
1.633871056552753544e+03
1.633865336151754036e+03
1.633842582597391583e+03
1.633835959062075517e+03
1.633821821406738991e+03
1.633818903707280469e+03
1.633807112043835332e+03
1.633793664014388469e+03
1.633781405232555926e+03
1.633774489227545473e+03
1.633763909837578922e+03
1.633759886631508607e+03
1.633749459132633547e+03
1.633746737589917302e+03
1.633736786669889170e+03
1.633736742890100231e+03
1.633726372114547758e+03
1.633726056507953672e+03
1.633717065706480753e+03
1.633717050817302606e+03
1.633708646483576786e+03
1.633708734011010620e+03
1.633701707610569883e+03
1.633701676124325559e+03
1.633693405019372676e+03
1.633694397271133766e+03
1.633687653803677449e+03
1.633689155620733345e+03
1.633683099333735527e+03
1.633683818734019951e+03
1.633677456511133187e+03
1.633679533161383233e+03
1.633672815837011967e+03
1.633674426244522920e+03
1.633668315026715845e+03
1.633669992217397976e+03
1.633664408816179048e+03
1.633666067929912515e+03
1.633660804124252081e+03
1.633662376138445552e+03
1.633657670393513399e+03
1.633658937053757199e+03
1.633653736118555116e+03
1.633655524097124726e+03
1.633650565964013822e+03
1.633652416254908076e+03
1.633647773913632363e+03
1.633649243302479135e+03
1.633644584335703485e+03
1.633646463166527155e+03
1.633642010310249816e+03
1.633643638149387016e+03
1.633639206546806236e+03
1.633640919649858461e+03
1.633636648036522729e+03
1.633638149712465975e+03
1.633634176038295436e+03
1.633635906314606018e+03
1.633632070223108258e+03
1.633633515002910372e+03
1.633629439474300170e+03
1.633631338849845861e+03
1.633627280040675259e+03
1.633628982421369074e+03
1.633625109002997988e+03
1.633626837002587763e+03
1.633623389590810120e+03
1.633625050918547004e+03
1.633621130383755826e+03
1.633623136304765922e+03
1.633619203855450223e+03
1.633620911117417108e+03
1.633617388324575813e+03
1.633619456792467872e+03
1.633615752577252806e+03
1.633617663168360878e+03
1.633613942279733919e+03
1.633616013916940801e+03
1.633612244065431923e+03
1.633613601341788581e+03
1.633609856234800418e+03
1.633612152221280212e+03
1.633609028132088270e+03
1.633610793742553824e+03
1.633606817411653765e+03
1.633606795571277416e+03
1.633602734957731172e+03
1.633604969834761505e+03
1.633600819759790738e+03
1.633602560861158508e+03
1.633598414390009566e+03
1.633599852982466473e+03
1.633596240339563565e+03
1.633598612127106435e+03
1.633594544844903794e+03
1.633596344961543309e+03
1.633592798076949293e+03
1.633594234418039150e+03
1.633590594973004954e+03
1.633592443778567713e+03
1.633588609306393437e+03
1.633590480873626802e+03
1.633587096649754812e+03
1.633588796960964601e+03
1.633585390761153803e+03
1.633587209038424589e+03
1.633583362868686663e+03
1.633585615396768162e+03
1.633581996276189102e+03
1.633584927942965578e+03
1.633581495127860080e+03
1.633583596882506527e+03
