7.493535028181000825e+02
7.301157725954940361e+02
7.270053609373910604e+02
7.237225811109751703e+02
7.211263371351273008e+02
7.187013256826426186e+02
7.169706285873647857e+02
7.153029730158311850e+02
7.141725420844824157e+02
7.130497261411404679e+02
7.123748982594875088e+02
7.116501926386856667e+02
7.113405041298880178e+02
7.109530945257062058e+02
7.108940997530355617e+02
7.107990630761273678e+02
7.109197080498424839e+02
7.110677855470905797e+02
7.113321489344880320e+02
7.116697800840648824e+02
7.120328562636598235e+02
7.125056864319216174e+02
7.129447232350577224e+02
7.135225089811316366e+02
7.140301311049869355e+02
7.146944842235960778e+02
7.152611250432563565e+02
7.159985296370656442e+02
7.166108068532512334e+02
7.174093431522752553e+02
7.180559138309942000e+02
7.189032464114147842e+02
7.195779355241713802e+02
7.204612980586978210e+02
7.211569860874285496e+02
7.220642101439647149e+02
7.227733995884165097e+02
7.236926594303688489e+02
7.244104270967410457e+02
7.253322511945588076e+02
7.260564291074896346e+02
7.269751539903278399e+02
7.277084340107946900e+02
7.286196184402006111e+02
7.293614923419015668e+02
7.302594353576525918e+02
7.310102096094186663e+02
7.318934129369870334e+02
7.326502410076703882e+02
7.335129825033087627e+02
7.342707518377702627e+02
7.351126862854054025e+02
7.358721379014089052e+02
7.366923574012107565e+02
7.374496523876567835e+02
7.382472427642006778e+02
7.389970716942439140e+02
7.397704705322993277e+02
7.405082948827002838e+02
7.412563920645341113e+02
7.419766451944375376e+02
7.426956446999600985e+02
7.433969114040248769e+02
7.440902173053706292e+02
7.447698708094534368e+02
7.454380984899971736e+02
7.460960052645318683e+02
7.467399450344685192e+02
7.473747250080589311e+02
7.479936684400577178e+02
7.486019977110051968e+02
7.491930640172857920e+02
7.497747395828575918e+02
7.503405582668913212e+02
7.508967761724975389e+02
7.514370640128071273e+02
7.519670604041043589e+02
7.524826307774715133e+02
7.529866343602661800e+02
7.534778556676179733e+02
7.539562468677263496e+02
7.544225198379926951e+02
7.548752772558241304e+02
7.553179499282720144e+02
7.557457073578289055e+02
7.561634910787770423e+02
7.565643492415146056e+02
7.569565556477484733e+02
7.573325959338617395e+02
7.577012837342512057e+02
7.580527789841829645e+02
7.583988871629583173e+02
7.587269457897403981e+02
7.590499284300785803e+02
7.593544146349853463e+02
7.596545170776283840e+02
7.599347118960580474e+02
7.602109301246773612e+02
7.604681344403747971e+02
7.607219209647849993e+02
7.609561494284732817e+02
7.611868285654126112e+02
7.613980256840754919e+02
7.616060711983969895e+02
7.617949083379097601e+02
7.619813315089736534e+02
7.621488756035865890e+02
7.623144154728601052e+02
7.624615421424364285e+02
7.626069899385099689e+02
7.627344310175243436e+02
7.628603608191401690e+02
7.629687675554854422e+02
7.630753219086215040e+02
7.631656875451620863e+02
7.632546777834936620e+02
7.633284162568577358e+02
7.634007500328418701e+02
7.634586191322919149e+02
7.635158364970022831e+02
7.635594483825381076e+02
7.636024005434607034e+02
7.636328042597107242e+02
7.636626313556544119e+02
7.636805984118287824e+02
7.636979511294496206e+02
7.637053041017945816e+02
7.637117442858460663e+02
7.637094576497422622e+02
7.637063630307227413e+02
7.636957333009972899e+02
7.636839421745985419e+02
7.636657531054072479e+02
7.636464402835583769e+02
7.636217745934532104e+02
7.635966297390103819e+02
7.635667244569115155e+02
7.635362878322571305e+02
7.635023198216455285e+02
7.634683378132860980e+02
7.634314813135221129e+02
7.633951076275178593e+02
7.633564362288138909e+02
7.633188248108433527e+02
7.632797212398915008e+02
7.632421282412157097e+02
7.632032727856171732e+02
7.631656695068869567e+02
7.631269025202512921e+02
7.630902435178398946e+02
