4.437845965502583923e+00
7.847069213950906033e+02
2.278348629942707339e+04
2.278342133176817151e+04
2.278344364922203386e+04
2.278344037723471411e+04
2.278335095194996029e+04
2.278334798109393887e+04
2.278332456050990004e+04
2.278327235462898898e+04
2.278333132414431384e+04
2.278328646513117928e+04
2.278331904212360314e+04
2.278325409794578445e+04
2.278333462297429651e+04
2.278329842973050836e+04
2.278327316829682604e+04
2.278328260258807495e+04
2.278323708107430866e+04
2.278325302609541541e+04
2.278324605322727439e+04
2.278324856198564521e+04
2.278324135370445947e+04
2.278324844368850972e+04
2.278324999379272049e+04
2.278323685320958612e+04
2.278324529404504574e+04
2.278323819859961441e+04
2.278325908073537721e+04
2.278325028992008811e+04
2.278323796866541306e+04
2.278325386284841443e+04
2.278325983820436886e+04
2.278324615758837172e+04
2.278325862337709623e+04
2.278323942630098099e+04
2.278324497242619691e+04
2.278323699804416538e+04
2.278323426361388556e+04
2.278324079996846194e+04
2.278324391245879087e+04
2.278324702160324523e+04
2.278327760126306021e+04
2.278324073051862433e+04
2.278325697334069991e+04
2.278324587244915529e+04
2.278326218313211211e+04
2.278326965828063112e+04
2.278323898241854477e+04
2.278324706527511444e+04
2.278324507492910925e+04
2.278323870356282714e+04
2.278323699991628382e+04
2.278325906371337624e+04
2.278324031380061570e+04
2.278324601495387469e+04
2.278323867678736497e+04
2.278323495934426319e+04
2.278324909462105643e+04
2.278328936294125378e+04
2.278324777540187279e+04
2.278323816287573572e+04
2.278323947066583423e+04
2.278328528039381490e+04
2.278324416709538491e+04
2.278327410629223232e+04
2.278332737201222335e+04
2.278323685302443482e+04
2.278325957986300637e+04
2.278323514725593850e+04
2.278325010377624858e+04
2.278324627564425100e+04
2.278324469549062633e+04
2.278324121299518811e+04
2.278324694052866107e+04
2.278323986036820497e+04
2.278323947112753376e+04
2.278324321769484959e+04
2.278325587257476218e+04
2.278326512493679547e+04
2.278324047828771290e+04
2.278324971997968532e+04
2.278324197187409300e+04
2.278328614247317455e+04
2.278323936390832387e+04
2.278323824088819674e+04
2.278324017074478252e+04
2.278324740024887069e+04
2.278327309433186019e+04
2.278324554568569511e+04
2.278324304152680270e+04
2.278324346108667305e+04
2.278328425987004812e+04
2.278323960937169613e+04
2.278323879011353711e+04
2.278324903203338908e+04
2.278325982194476455e+04
2.278324211947347067e+04
2.278325430997201693e+04
2.278324951882733149e+04
2.278323759203483132e+04
2.278324235826836230e+04
2.278323613817192381e+04
2.278324041106129152e+04
2.278323860220693678e+04
2.278324410930915838e+04
2.278324029345911913e+04
2.278326152024757539e+04
2.278323752819173387e+04
2.278324489198321680e+04
2.278324564290331182e+04
2.278323947948666682e+04
2.278328172212732170e+04
2.278325054357425324e+04
2.278324772452965044e+04
2.278323830604292743e+04
2.278326089074942865e+04
2.278324641461105057e+04
2.278325844783214052e+04
2.278323537267548454e+04
2.278323730772190538e+04
2.278326523045432259e+04
2.278323845835091561e+04
2.278326134949587140e+04
2.278325005688891906e+04
2.278324442871074280e+04
2.278324357976214014e+04
2.278324047198440167e+04
2.278323704102996999e+04
2.278326498894335964e+04
2.278323832399454113e+04
2.278324845742255275e+04
2.278324023722658967e+04
2.278333482349115729e+04
2.278326087650994305e+04
2.278323932011263605e+04
2.278324207003800620e+04
2.278323792845686694e+04
2.278323931087914389e+04
2.278323949813677609e+04
2.278324108894886012e+04
2.278324538534003659e+04
2.278324114570761958e+04
2.278325116095529665e+04
2.278324348789504438e+04
2.278324213612911262e+04
2.278324797309022688e+04
2.278324175175859637e+04
2.278323976753403622e+04
2.278324151161381087e+04
2.278324315433254742e+04
