6.371106075962154591e+02
3.387588236468795687e+06
1.121554048442709493e+06
1.121546780616363976e+06
1.121556339845262235e+06
1.121561365354620153e+06
1.121562013000386301e+06
1.121562062602187973e+06
1.121561523830140010e+06
1.121561601460070582e+06
1.121561737588385353e+06
1.121562086282478645e+06
1.121561700871544424e+06
1.121561656460253056e+06
1.121561714357242221e+06
1.121561678730632877e+06
1.121561660503178602e+06
1.121561663742558099e+06
1.121561639337735251e+06
1.121561647231664043e+06
1.121561641204927349e+06
1.121561643526002532e+06
1.121561639798189048e+06
1.121561645488370210e+06
1.121561646418259013e+06
1.121561639612306608e+06
1.121561642307705712e+06
1.121561640987069113e+06
1.121561653430606471e+06
1.121561651464872994e+06
1.121561638643716695e+06
1.121561642683139537e+06
1.121561652082942892e+06
1.121561640243345173e+06
1.121561654764048755e+06
1.121561638460834278e+06
1.121561645141135436e+06
1.121561638770218007e+06
1.121561636995783774e+06
1.121561640198247740e+06
1.121561652816327754e+06
1.121561640579601517e+06
1.121561665025692200e+06
1.121561635839485098e+06
1.121561647043094505e+06
1.121561646997157717e+06
1.121561647548408248e+06
1.121561657353111077e+06
1.121561638604908483e+06
1.121561639358918648e+06
1.121561641862962861e+06
1.121561636179564754e+06
1.121561635857251706e+06
1.121561658514265437e+06
1.121561641514120158e+06
1.121561640067109372e+06
1.121561638459397247e+06
1.121561637573854765e+06
1.121561640921826009e+06
1.121561690256134607e+06
1.121561639033432584e+06
1.121561638199172914e+06
1.121561644653827883e+06
1.121561657324222615e+06
1.121561642708277795e+06
1.121561667921683518e+06
1.121561709165876266e+06
1.121561636680893367e+06
1.121561647681278409e+06
1.121561639190089423e+06
1.121561642325151013e+06
1.121561641973478720e+06
1.121561647207966773e+06
1.121561640944620362e+06
1.121561638631370151e+06
1.121561657922927756e+06
1.121561635241806041e+06
1.121561638549106428e+06
1.121561644587013870e+06
1.121561666980076581e+06
1.121561638133230386e+06
1.121561641488426365e+06
1.121561644498365698e+06
1.121561666568064131e+06
1.121561636527311523e+06
1.121561635612135986e+06
1.121561637380233034e+06
1.121561641912212130e+06
1.121561653036320815e+06
1.121561641158529557e+06
1.121561645844983170e+06
1.121561650797098875e+06
1.121561672063325299e+06
1.121561638298051432e+06
1.121561636363457423e+06
1.121561642900334904e+06
1.121561642287632450e+06
1.121561642989675049e+06
1.121561652919118525e+06
1.121561643023626413e+06
1.121561636900675483e+06
1.121561641930731712e+06
1.121561636535828700e+06
1.121561639326024335e+06
1.121561637641241541e+06
1.121561637479359284e+06
1.121561639502878767e+06
1.121561645839012694e+06
1.121561640769293066e+06
1.121561642882392509e+06
1.121561643201044528e+06
1.121561641855511582e+06
1.121561660853499779e+06
1.121561644637002843e+06
1.121561639536652016e+06
1.121561635762826772e+06
1.121561651037507458e+06
1.121561642248340650e+06
1.121561652040780056e+06
1.121561635739867110e+06
1.121561636998662492e+06
1.121561649623526726e+06
1.121561636312871706e+06
1.121561671724291053e+06
1.121561646917341743e+06
1.121561639541657642e+06
1.121561638373728143e+06
1.121561642432779307e+06
1.121561636548883049e+06
1.121561650030134944e+06
1.121561638123460347e+06
1.121561641007860657e+06
1.121561641101391520e+06
1.121561696345148375e+06
1.121561676292369375e+06
1.121561636321556056e+06
1.121561637111030752e+06
1.121561636972834356e+06
1.121561647758194711e+06
1.121561637040778296e+06
1.121561642312678043e+06
1.121561639272848610e+06
1.121561636769642588e+06
1.121561646250415361e+06
1.121561639575424604e+06
1.121561637293167878e+06
1.121561639456431149e+06
1.121561635967933806e+06
1.121561638923843624e+06
1.121561637662707129e+06
1.121561645829641027e+06
