6.336942340101960554e+02
1.546921689565609981e+01
7.757929365054185844e-01
4.607784897926370249e-01
4.409033810364311745e-01
5.070455440741625797e-01
4.649385051499427823e-01
5.011846826241058706e-01
4.892438010172031060e-01
5.111963378891837273e-01
5.066822877982035678e-01
5.086574178501397370e-01
5.005399726399332172e-01
5.001389267245242021e-01
4.921814535428893911e-01
4.938277296098624869e-01
4.830468651252344814e-01
4.889575652742326195e-01
4.721210239018466814e-01
4.801507920221221859e-01
4.643999929055827036e-01
4.730300945666090495e-01
4.687688402674730637e-01
4.757751557874619897e-01
4.881058906952084331e-01
4.953417136940368448e-01
5.210031380445048210e-01
5.370981261460242573e-01
5.796288464932275453e-01
6.195524176344412437e-01
6.866962142733515906e-01
7.749200569814765904e-01
8.751496082941054855e-01
1.028360535503787254e+00
1.179069569271724349e+00
1.425015093580682013e+00
1.592540891955949833e+00
1.910051038925086875e+00
1.996861971475768049e+00
2.318436957369561124e+00
2.244591716276259419e+00
2.532697431087215456e+00
2.524597334580436225e+00
2.820746972474554859e+00
2.599440876887631369e+00
2.731417588045384814e+00
2.546094983845945237e+00
2.653544550832865667e+00
2.514019759741321192e+00
2.645459767464519718e+00
2.538392436110271877e+00
2.536878114739264944e+00
2.225798158149985717e+00
2.237033973065330361e+00
2.065715551031280572e+00
2.074570808239835085e+00
1.902041676473589016e+00
1.896585549581152330e+00
1.688370498796749386e+00
1.675468385033061613e+00
1.526349553684805738e+00
1.517142386776320961e+00
1.392964760067521901e+00
1.383252165026671365e+00
1.244425507009674137e+00
1.220897721657858703e+00
1.076569405922014333e+00
1.064104742915928936e+00
9.578241915275411689e-01
9.785105650540246724e-01
9.165327513492161904e-01
9.173467343123856699e-01
8.386490691061330160e-01
8.307781942102383521e-01
7.675094729936504656e-01
7.484091419051844829e-01
6.843555714544526936e-01
6.555950112389589135e-01
6.021333924563997408e-01
5.701910997378664137e-01
5.293271676262291114e-01
4.986591151037139680e-01
4.672656586657817357e-01
4.368590630902460803e-01
4.115226743553874744e-01
3.734291003900788164e-01
3.508575445576381235e-01
3.140401360338597736e-01
2.962576706189402609e-01
2.629827787656060512e-01
2.478281483422017095e-01
2.171451844538425380e-01
1.993117886894021917e-01
1.707365831867222183e-01
1.557426922444002104e-01
1.341921118428470450e-01
1.205974294511749367e-01
1.042841673372931766e-01
9.192541553090941009e-02
7.804711125261117044e-02
6.710131920011740136e-02
5.640293683915469786e-02
4.701080902546477674e-02
3.859558245345199451e-02
3.090117380415384821e-02
2.454490891454279289e-02
1.882013418702621274e-02
1.453272682911602338e-02
1.074728166550909317e-02
8.234070541917290140e-03
6.000246903632821226e-03
4.726960122106000327e-03
3.555971366872176086e-03
2.996205010957015292e-03
2.464805453438608310e-03
2.248189864334222948e-03
2.031443323737771364e-03
1.952450736241736519e-03
1.865557462684386139e-03
1.837018254605948461e-03
1.800528551882768025e-03
1.789875843079497724e-03
1.773958000238734338e-03
1.766500597836443169e-03
1.759334208632616593e-03
1.754322497234872850e-03
1.748682423946834336e-03
1.744811745951530555e-03
1.739792730269707757e-03
1.736371212950927299e-03
1.732607646614495178e-03
1.729955888687562593e-03
1.725010899923434945e-03
1.722880025191237318e-03
1.718275209239811903e-03
1.715213145642163197e-03
1.712095321905823461e-03
1.709627095501216765e-03
1.705751216821704396e-03
1.702080650123285631e-03
1.700473830550466598e-03
1.696081225141900456e-03
1.694105053518459849e-03
1.691373439470950221e-03
1.687020131754647136e-03
1.686602593779430075e-03
1.682470502195954672e-03
1.682221982344716442e-03
1.676804563876728351e-03
1.675691064283588204e-03
1.671596489487116657e-03
