9.120000000000000329e-02
1.159000000000000030e-01
3.093000000000000194e-01
3.438999999999999835e-01
3.412999999999999923e-01
2.967000000000000193e-01
3.166999999999999815e-01
3.825999999999999956e-01
3.729999999999999982e-01
4.187000000000000166e-01
4.072000000000000064e-01
4.425999999999999934e-01
4.732000000000000095e-01
4.875999999999999779e-01
4.793000000000000038e-01
5.087000000000000410e-01
4.838000000000000078e-01
5.218000000000000416e-01
5.270000000000000240e-01
5.020000000000000018e-01
5.110999999999999988e-01
5.379000000000000448e-01
5.507999999999999563e-01
5.424999999999999822e-01
5.450000000000000400e-01
5.407999999999999474e-01
5.493000000000000105e-01
5.342999999999999972e-01
5.622000000000000330e-01
5.668999999999999595e-01
5.613000000000000211e-01
5.586999999999999744e-01
5.757999999999999785e-01
5.643000000000000238e-01
5.507999999999999563e-01
5.562000000000000277e-01
5.784000000000000252e-01
5.693000000000000282e-01
5.675000000000000044e-01
5.688999999999999613e-01
5.766000000000000014e-01
5.635999999999999899e-01
5.541000000000000369e-01
5.552000000000000268e-01
5.554000000000000048e-01
5.635999999999999899e-01
5.694000000000000172e-01
5.510000000000000453e-01
5.747999999999999776e-01
5.756999999999999895e-01
5.404999999999999805e-01
5.385999999999999677e-01
5.298000000000000487e-01
5.577999999999999625e-01
5.512000000000000233e-01
5.506999999999999673e-01
5.439000000000000501e-01
5.510000000000000453e-01
5.459000000000000519e-01
5.445999999999999730e-01
5.395999999999999686e-01
5.393999999999999906e-01
5.794000000000000261e-01
5.689999999999999503e-01
5.510000000000000453e-01
5.492000000000000215e-01
5.530000000000000471e-01
5.554000000000000048e-01
5.573000000000000176e-01
5.487999999999999545e-01
5.394999999999999796e-01
5.596999999999999753e-01
5.627999999999999670e-01
5.635999999999999899e-01
5.459000000000000519e-01
5.544999999999999929e-01
5.566999999999999726e-01
5.506999999999999673e-01
5.752000000000000446e-01
5.760999999999999455e-01
5.743000000000000327e-01
5.643000000000000238e-01
5.585999999999999854e-01
5.655999999999999917e-01
5.565999999999999837e-01
5.587999999999999634e-01
5.528999999999999471e-01
5.443999999999999950e-01
5.348000000000000531e-01
5.195999999999999508e-01
5.348000000000000531e-01
5.048000000000000265e-01
5.037000000000000366e-01
5.041999999999999815e-01
5.203999999999999737e-01
5.322000000000000064e-01
5.371000000000000218e-01
5.434999999999999831e-01
5.416999999999999593e-01
5.544000000000000039e-01
5.652000000000000357e-01
5.510000000000000453e-01
5.460000000000000409e-01
5.453999999999999959e-01
5.538999999999999480e-01
5.372000000000000108e-01
5.467999999999999527e-01
5.516999999999999682e-01
5.237000000000000544e-01
5.198000000000000398e-01
5.081999999999999851e-01
5.063999999999999613e-01
5.198000000000000398e-01
5.221000000000000085e-01
5.255999999999999561e-01
5.254999999999999671e-01
5.331000000000000183e-01
5.490000000000000435e-01
5.181000000000000050e-01
5.032999999999999696e-01
5.158000000000000362e-01
5.524999999999999911e-01
5.490000000000000435e-01
5.627999999999999670e-01
5.657999999999999696e-01
5.633000000000000229e-01
5.620000000000000551e-01
5.662000000000000366e-01
5.725000000000000089e-01
5.689999999999999503e-01
5.020999999999999908e-01
5.129000000000000226e-01
5.363999999999999879e-01
5.276999999999999469e-01
5.241999999999999993e-01
4.834999999999999853e-01
5.013999999999999568e-01
4.979000000000000092e-01
5.011999999999999789e-01
5.099000000000000199e-01
5.207000000000000517e-01
5.081999999999999851e-01
5.022999999999999687e-01
4.966999999999999749e-01
5.044999999999999485e-01
4.984999999999999987e-01
4.964999999999999969e-01
4.928000000000000158e-01
4.922000000000000264e-01
5.021999999999999797e-01
4.984999999999999987e-01
