1.064999999999999974e-01
1.600999999999999923e-01
7.420999999999999819e-01
7.560999999999999943e-01
7.743999999999999773e-01
8.135999999999999899e-01
8.293000000000000371e-01
8.294000000000000261e-01
8.357999999999999874e-01
8.421999999999999487e-01
8.429999999999999716e-01
8.434000000000000385e-01
8.443000000000000504e-01
8.467999999999999972e-01
8.487999999999999989e-01
8.495000000000000329e-01
8.507000000000000117e-01
8.521999999999999575e-01
8.536000000000000254e-01
8.544000000000000483e-01
8.544000000000000483e-01
8.540999999999999703e-01
8.556000000000000272e-01
8.571999999999999620e-01
8.584000000000000519e-01
8.595000000000000417e-01
8.607000000000000206e-01
8.617000000000000215e-01
8.611999999999999655e-01
8.627000000000000224e-01
8.636000000000000343e-01
8.633999999999999453e-01
8.631999999999999673e-01
8.635000000000000453e-01
8.633999999999999453e-01
8.645000000000000462e-01
8.647000000000000242e-01
8.652999999999999581e-01
8.646000000000000352e-01
8.651999999999999691e-01
8.663999999999999480e-01
8.663999999999999480e-01
8.673999999999999488e-01
8.671999999999999709e-01
8.673999999999999488e-01
8.685000000000000497e-01
8.681999999999999718e-01
8.689000000000000057e-01
8.693999999999999506e-01
8.695000000000000506e-01
8.702999999999999625e-01
8.708000000000000185e-01
8.709000000000000075e-01
8.711999999999999744e-01
8.710999999999999854e-01
8.712999999999999634e-01
8.716000000000000414e-01
8.716000000000000414e-01
8.730999999999999872e-01
8.727000000000000313e-01
8.733999999999999542e-01
8.733999999999999542e-01
8.733999999999999542e-01
8.738000000000000211e-01
8.731999999999999762e-01
8.738000000000000211e-01
8.736000000000000432e-01
8.737000000000000322e-01
8.742999999999999661e-01
8.750000000000000000e-01
8.752999999999999670e-01
8.754999999999999449e-01
8.758000000000000229e-01
8.754999999999999449e-01
8.768000000000000238e-01
8.770000000000000018e-01
8.773999999999999577e-01
8.773999999999999577e-01
8.774999999999999467e-01
8.779000000000000137e-01
8.777000000000000357e-01
8.776000000000000467e-01
8.773999999999999577e-01
8.782999999999999696e-01
8.780000000000000027e-01
8.783999999999999586e-01
8.782999999999999696e-01
8.784999999999999476e-01
8.786000000000000476e-01
8.789000000000000146e-01
8.791999999999999815e-01
8.793999999999999595e-01
8.796000000000000485e-01
8.793999999999999595e-01
8.792999999999999705e-01
8.794999999999999485e-01
8.792999999999999705e-01
8.793999999999999595e-01
8.792999999999999705e-01
8.793999999999999595e-01
8.793999999999999595e-01
8.793999999999999595e-01
8.796000000000000485e-01
8.798000000000000265e-01
8.806000000000000494e-01
8.806000000000000494e-01
8.807000000000000384e-01
8.804999999999999494e-01
8.804999999999999494e-01
8.808000000000000274e-01
8.804999999999999494e-01
8.808000000000000274e-01
8.806000000000000494e-01
8.809000000000000163e-01
8.810000000000000053e-01
8.814999999999999503e-01
8.811999999999999833e-01
8.810000000000000053e-01
8.809000000000000163e-01
8.810999999999999943e-01
8.818000000000000282e-01
8.816000000000000503e-01
8.820000000000000062e-01
8.819000000000000172e-01
8.820999999999999952e-01
8.820000000000000062e-01
8.818000000000000282e-01
8.820000000000000062e-01
8.821999999999999842e-01
8.821999999999999842e-01
8.823999999999999622e-01
8.823999999999999622e-01
8.824999999999999512e-01
8.827000000000000401e-01
8.828000000000000291e-01
8.829000000000000181e-01
8.831999999999999851e-01
8.831999999999999851e-01
8.836000000000000520e-01
8.833999999999999631e-01
8.834999999999999520e-01
8.834999999999999520e-01
8.832999999999999741e-01
8.837000000000000410e-01
8.839000000000000190e-01
8.840999999999999970e-01
8.846000000000000529e-01
8.841999999999999860e-01
8.842999999999999750e-01
8.843999999999999639e-01
8.844999999999999529e-01
