6.869999999999999718e-02
7.199999999999999456e-02
8.537000000000000144e-01
8.770999999999999908e-01
8.853999999999999648e-01
8.891999999999999904e-01
8.928000000000000380e-01
8.961999999999999966e-01
8.980000000000000204e-01
8.994999999999999662e-01
9.004999999999999671e-01
9.012999999999999901e-01
9.015999999999999570e-01
9.024999999999999689e-01
9.031000000000000139e-01
9.032999999999999918e-01
9.042000000000000037e-01
9.044999999999999707e-01
9.050000000000000266e-01
9.051000000000000156e-01
9.054999999999999716e-01
9.056999999999999496e-01
9.059000000000000385e-01
9.060000000000000275e-01
9.062999999999999945e-01
9.065999999999999615e-01
9.069000000000000394e-01
9.070000000000000284e-01
9.073999999999999844e-01
9.073999999999999844e-01
9.073999999999999844e-01
9.074999999999999734e-01
9.072000000000000064e-01
9.076999999999999513e-01
9.078000000000000513e-01
9.082000000000000073e-01
9.086999999999999522e-01
9.091000000000000192e-01
9.095999999999999641e-01
9.095999999999999641e-01
9.094999999999999751e-01
9.094999999999999751e-01
9.093999999999999861e-01
9.095999999999999641e-01
9.099000000000000421e-01
9.101000000000000201e-01
9.101000000000000201e-01
9.102999999999999980e-01
9.103999999999999870e-01
9.109000000000000430e-01
9.110000000000000320e-01
9.110000000000000320e-01
9.110000000000000320e-01
9.111000000000000210e-01
9.114999999999999769e-01
9.113999999999999879e-01
9.115999999999999659e-01
9.116999999999999549e-01
9.120000000000000329e-01
9.120000000000000329e-01
9.120000000000000329e-01
9.122000000000000108e-01
9.122000000000000108e-01
9.122000000000000108e-01
9.122000000000000108e-01
9.121000000000000218e-01
9.123999999999999888e-01
9.122999999999999998e-01
9.122000000000000108e-01
9.119000000000000439e-01
9.119000000000000439e-01
9.119000000000000439e-01
9.119000000000000439e-01
9.119000000000000439e-01
9.118000000000000549e-01
9.118000000000000549e-01
9.116999999999999549e-01
9.116999999999999549e-01
9.118000000000000549e-01
9.119000000000000439e-01
9.119000000000000439e-01
9.118000000000000549e-01
9.120000000000000329e-01
9.120000000000000329e-01
9.121000000000000218e-01
9.121000000000000218e-01
9.123999999999999888e-01
9.126999999999999558e-01
9.127999999999999448e-01
9.130000000000000338e-01
9.132000000000000117e-01
9.131000000000000227e-01
9.132000000000000117e-01
9.131000000000000227e-01
9.130000000000000338e-01
9.130000000000000338e-01
9.132000000000000117e-01
9.132000000000000117e-01
9.130000000000000338e-01
9.129000000000000448e-01
9.129000000000000448e-01
9.129000000000000448e-01
9.130000000000000338e-01
9.129000000000000448e-01
9.126999999999999558e-01
9.129000000000000448e-01
9.130000000000000338e-01
9.129000000000000448e-01
9.130000000000000338e-01
9.130000000000000338e-01
9.130000000000000338e-01
9.130000000000000338e-01
9.129000000000000448e-01
9.129000000000000448e-01
9.130000000000000338e-01
9.130000000000000338e-01
9.133000000000000007e-01
9.132000000000000117e-01
9.131000000000000227e-01
9.132000000000000117e-01
9.133000000000000007e-01
9.131000000000000227e-01
9.132000000000000117e-01
9.132000000000000117e-01
9.133000000000000007e-01
9.134999999999999787e-01
9.133999999999999897e-01
9.133999999999999897e-01
9.133999999999999897e-01
9.134999999999999787e-01
9.133999999999999897e-01
9.132000000000000117e-01
9.132000000000000117e-01
9.132000000000000117e-01
9.133999999999999897e-01
9.133999999999999897e-01
9.133999999999999897e-01
9.134999999999999787e-01
9.134999999999999787e-01
9.134999999999999787e-01
9.134999999999999787e-01
9.135999999999999677e-01
9.136999999999999567e-01
9.139000000000000457e-01
9.137999999999999456e-01
9.137999999999999456e-01
9.136999999999999567e-01
9.137999999999999456e-01
9.137999999999999456e-01
9.140000000000000346e-01
9.139000000000000457e-01
