4.437845965502583923e+00
3.208607214787589701e+00
1.147822866950273024e+00
4.915561293538405208e-01
4.082025769466376408e-01
4.021066268691349532e-01
3.525801984738315964e-01
3.102520211582079912e-01
3.008486577675427709e-01
2.494549224097565576e-01
2.151613695357076916e-01
2.115645146084081385e-01
1.914321932875400201e-01
1.732211192579425629e-01
1.670997985001107244e-01
1.506428751469607030e-01
1.460439435780727935e-01
1.460215248144802191e-01
1.431374233067716217e-01
1.236950490553288817e-01
1.207985128866052860e-01
1.196177333798634501e-01
1.147725643104134663e-01
1.156606165766782546e-01
1.182691134251424303e-01
1.027786355102272287e-01
1.073290458793597357e-01
1.039218814873278662e-01
1.048285746734547857e-01
1.033898241240761851e-01
1.038456463783133249e-01
9.365505145626826233e-02
9.240240285832453104e-02
9.373292798925217384e-02
9.304736531942610356e-02
9.310702479309881929e-02
9.634645547154922773e-02
9.410642128094952319e-02
9.396368474848978969e-02
9.423887030732616688e-02
9.825835315179194673e-02
9.728316557034126510e-02
9.397106561965085092e-02
9.534956957049844917e-02
9.337408288195506167e-02
9.894360082018130442e-02
9.804847120533799476e-02
1.013309379082234923e-01
1.036855149268930132e-01
1.032224408498342016e-01
1.035521024318471345e-01
1.040930375602812374e-01
1.041845633955483102e-01
1.028714570129935640e-01
1.026089345535511621e-01
1.033844073882879966e-01
1.039392558607807882e-01
1.031523564985392244e-01
1.067621803165339917e-01
1.076369094305774932e-01
1.100277226500415984e-01
1.100070058123955585e-01
1.098152757630599385e-01
1.078728754690182201e-01
1.103282064300448589e-01
1.101009970052189563e-01
1.103133437602813738e-01
1.125113210601067920e-01
1.118336350095436027e-01
1.115961313786114351e-01
1.134204949970685217e-01
1.141379460476380225e-01
1.137186437672983025e-01
1.140805787933341503e-01
1.132972862420177085e-01
1.129871710188321970e-01
1.160510719324109041e-01
1.171578068628918723e-01
1.151785089075645779e-01
1.165435356640600606e-01
1.160244903015095197e-01
1.159501908390464797e-01
1.174355905954345552e-01
1.170895431772317197e-01
1.176177506712862419e-01
1.171555487216317665e-01
1.172213179544143308e-01
1.154886822493469134e-01
1.162719698242464378e-01
1.166881844989598738e-01
1.161289212031234863e-01
1.164509494138954021e-01
1.165900816349473568e-01
1.165006970025433269e-01
1.178682489023019225e-01
1.168306229218805115e-01
1.170917646262198131e-01
1.170600960094917709e-01
1.165420324381726963e-01
1.165807244495189049e-01
1.174753535326682474e-01
1.173916824654063912e-01
1.163801372542940804e-01
1.172411292917936859e-01
1.166747876770457132e-01
1.169495891594719839e-01
1.179524131808702830e-01
1.180684010391372940e-01
1.181391327798140684e-01
1.182231202760919003e-01
1.181678712258582564e-01
1.183367313012968908e-01
1.180271549676120968e-01
1.181070447399904244e-01
1.183459446035639989e-01
1.180282557709327607e-01
1.185843336587295571e-01
1.185251975134861413e-01
1.185951291135714791e-01
1.186924594498719870e-01
1.187052776755895545e-01
1.189392748236256792e-01
1.190634426903789816e-01
1.191202419846148636e-01
1.195642494568094349e-01
1.196016666033758169e-01
1.200192102417862172e-01
1.198369386803606468e-01
1.192756164938979929e-01
1.193106673483499414e-01
1.194134694300585109e-01
1.198561691568555965e-01
1.199676019888438611e-01
1.200603263127608678e-01
1.194964975288435455e-01
1.205187138072472963e-01
1.197931170880517371e-01
1.197589924942128875e-01
1.198965432026244393e-01
1.198907891174366414e-01
1.201330598480501999e-01
1.196285899739561592e-01
1.196243025158490320e-01
1.197475401479906054e-01
1.197873025749871118e-01
1.195406182138995660e-01
1.197396380240983993e-01
1.197672689076010322e-01
1.197954634876040869e-01
1.198699191062306824e-01
1.199860848680892877e-01
