4.350803946388635879e+00
2.801304339445780300e+01
4.212593086106811313e+01
4.287943775986897776e+01
4.287943775986897776e+01
4.243665768590593501e+01
4.243665768590593501e+01
4.243665768590593501e+01
3.895716907277777352e+01
4.113654169997029442e+01
4.247522951904019806e+01
4.247522951904019806e+01
4.247522951904019806e+01
4.059457976701833104e+01
4.169689968213942421e+01
3.612393083139469496e+01
3.946993258532537396e+01
3.946993258532537396e+01
3.946993258532537396e+01
3.640645122686147772e+01
3.640645122686147772e+01
3.640645122686147772e+01
3.640645122686147772e+01
3.640645122686147772e+01
3.640645122686147772e+01
4.293021441103621783e+01
3.999381695496358446e+01
3.885993487283532488e+01
3.885993487283532488e+01
3.885993487283532488e+01
4.232880083679243910e+01
4.212883295985124477e+01
4.089865666270803501e+01
4.030501042157059999e+01
3.927442524631504028e+01
3.927442524631504028e+01
4.036464984374283915e+01
3.968138127358770362e+01
4.144417475192863520e+01
3.895989957658498071e+01
3.685571728541790293e+01
3.685571728541790293e+01
3.685571728541790293e+01
3.594566311567352557e+01
4.297825933006594568e+01
4.282052990840531237e+01
4.282052990840531237e+01
4.319503449597884526e+01
4.319503449597884526e+01
4.319503449597884526e+01
4.319503449597884526e+01
3.692533787146338398e+01
4.052854123495676930e+01
3.789855084772841565e+01
4.302215341686194705e+01
4.533870525629863835e+01
4.533870525629863835e+01
4.533870525629863835e+01
3.962162225718602571e+01
3.962162225718602571e+01
4.043259165258118060e+01
3.844794036100797996e+01
3.844794036100797996e+01
4.083004838306348461e+01
4.083004838306348461e+01
4.298284080845863286e+01
4.100778609145254450e+01
4.117877252661775600e+01
4.117877252661775600e+01
4.658674107885605764e+01
4.658674107885605764e+01
4.191663689262789916e+01
4.191663689262789916e+01
4.328748756690903576e+01
4.328748756690903576e+01
3.876182138121227894e+01
3.876182138121227894e+01
3.876182138121227894e+01
3.876182138121227894e+01
3.876182138121227894e+01
3.876182138121227894e+01
3.876182138121227894e+01
4.359549033939008922e+01
4.359549033939008922e+01
4.359549033939008922e+01
3.738393736802604650e+01
3.637460922994905133e+01
3.652509920557552903e+01
3.652509920557552903e+01
3.652509920557552903e+01
3.737291649970249807e+01
4.076017169144573415e+01
4.416648924865397419e+01
4.416648924865397419e+01
4.416648924865397419e+01
4.416648924865397419e+01
3.646933285350547749e+01
3.596558242555099127e+01
4.505059194194077321e+01
4.505059194194077321e+01
4.054658673253695156e+01
4.263092265244959833e+01
3.906414644051337604e+01
3.938478441784846495e+01
4.086462182427552392e+01
4.229789165465044931e+01
4.229789165465044931e+01
4.112427244436945273e+01
4.331588607507525523e+01
4.331588607507525523e+01
4.331588607507525523e+01
4.331588607507525523e+01
3.800572048825080884e+01
4.036702280946093424e+01
4.036702280946093424e+01
3.989339662066819869e+01
4.194722765710085355e+01
4.194722765710085355e+01
4.357315370367894047e+01
4.357315370367894047e+01
4.357315370367894047e+01
3.659120403850970860e+01
3.659120403850970860e+01
3.659120403850970860e+01
3.659120403850970860e+01
3.659120403850970860e+01
3.659120403850970860e+01
3.679827217308445597e+01
4.454756657173842171e+01
4.454756657173842171e+01
4.454756657173842171e+01
4.454756657173842171e+01
4.454756657173842171e+01
4.149693702996090394e+01
4.149693702996090394e+01
3.540049423310610877e+01
3.540049423310610877e+01
4.131892058332642392e+01
4.131892058332642392e+01
4.413685545308847935e+01
4.413685545308847935e+01
3.983671608114461549e+01
4.129811162879928332e+01
4.182438201428785618e+01
4.037143355308762693e+01
3.784645730256139728e+01
3.784645730256139728e+01
3.784645730256139728e+01
3.784645730256139728e+01
4.339887255851980541e+01
3.704590192383905389e+01
