6.280286762540785048e+02
4.089377872438257100e+01
3.197424997182144679e+00
5.111033231385682107e-01
1.841523032854682218e-01
1.534107670237151444e-01
1.571775838378851042e-01
1.734814478584304764e-01
1.702382948890335257e-01
1.906979399527786723e-01
1.862569615023123570e-01
1.957194089541216819e-01
1.858336996154584531e-01
2.014164111887930542e-01
1.871165657971886054e-01
2.036497662672241415e-01
1.955993498063533231e-01
1.992182052864335806e-01
2.018147911167614272e-01
1.871205441240889056e-01
1.786138129567337862e-01
1.535298649397914550e-01
1.469454384446461925e-01
1.418371654363186074e-01
1.402434260674134126e-01
1.489269336040097702e-01
1.494866636867063225e-01
1.533122455764994729e-01
1.583721581553820534e-01
1.570299157302542103e-01
1.508142309766453970e-01
1.398915287824131215e-01
1.275744871912874445e-01
1.184033134771393381e-01
1.136642291386759096e-01
1.096869943131213165e-01
1.060620921283034757e-01
1.017258907871069207e-01
9.827358224225984928e-02
9.383753351525017661e-02
9.100013991784954015e-02
8.709286972342901445e-02
8.413316004117497859e-02
8.077259428449465317e-02
7.734419071048781458e-02
7.451731091245114569e-02
7.072238025921373517e-02
6.847853382533582167e-02
6.454005387089559176e-02
6.286429326041845234e-02
5.895858542096090588e-02
5.773408666167857695e-02
5.398201038461178380e-02
5.293008283259579422e-02
4.934752252514666704e-02
4.824169742543077399e-02
4.478481501190050007e-02
4.362794500108720802e-02
4.032950739525222733e-02
3.915776048138366189e-02
3.611358105198815560e-02
3.488600050177112499e-02
3.206799569741645983e-02
3.072896354899255777e-02
2.810734719047986926e-02
2.669667170156570651e-02
2.428049694112692850e-02
2.288519143076608864e-02
2.070956106712982733e-02
1.942721406387431030e-02
1.760372868256392109e-02
1.656450120419811559e-02
1.507014761478765730e-02
1.429720696947256280e-02
1.307989851552847881e-02
1.250369435442639718e-02
1.150236640352906257e-02
1.105292332052802695e-02
1.019673331620730462e-02
9.818718172316356213e-03
9.071231998408290850e-03
8.732145384828466153e-03
8.069502384003208670e-03
7.763245992509275502e-03
7.169507041649488856e-03
6.895513899216023507e-03
6.368705770398714119e-03
6.126265668822327912e-03
5.664194761408660947e-03
5.450879263004185758e-03
5.053251949142821553e-03
4.870551588586743454e-03
4.533387207112930806e-03
4.379827376409788087e-03
4.095073238752400951e-03
3.965919794980430485e-03
3.725514847655241220e-03
3.616008879236865155e-03
3.415675577750640259e-03
3.324474608646068013e-03
3.157474263624080856e-03
3.085282536246151605e-03
2.942846660394851481e-03
2.887805397884609607e-03
2.764706117181818957e-03
2.725755467775772389e-03
2.618549003741437679e-03
2.589711039871508622e-03
2.495461683728136208e-03
2.474589102426709604e-03
2.393204908275807768e-03
2.380487108611497975e-03
2.309328682555094291e-03
2.303001018680439407e-03
2.242563668656940516e-03
2.241305741484080159e-03
2.191709717797433489e-03
2.192764637888945482e-03
2.152538401893860486e-03
2.155071009878569040e-03
2.122972418118998072e-03
2.125637741871404685e-03
2.101227155210889930e-03
2.103203067191006768e-03
2.083774540732599798e-03
2.084632131479849902e-03
2.069892888544058035e-03
2.069887034099339961e-03
2.057900962159344479e-03
2.057607384966281434e-03
2.047730139231639448e-03
2.046780871087920325e-03
2.038386738320928371e-03
2.037208424293216868e-03
2.030015777745961415e-03
2.028615394912130880e-03
2.022308789469895278e-03
2.020684811070078309e-03
2.015320777896454849e-03
2.013594563343091854e-03
2.008613929462654216e-03
2.006862711834645797e-03
2.002308360757591287e-03
2.000324722357894793e-03
1.996034295715323585e-03
1.993995349357475383e-03
1.989773262700919414e-03
1.987718514090411163e-03
1.983784001276955693e-03
1.981448360394833571e-03
1.977639492995755983e-03
