6.869999999999999718e-02
3.518000000000000016e-01
5.477999999999999536e-01
6.798999999999999488e-01
7.167000000000000037e-01
7.336000000000000298e-01
7.570000000000000062e-01
7.642999999999999794e-01
7.796999999999999487e-01
7.864999999999999769e-01
7.964999999999999858e-01
8.000000000000000444e-01
8.053000000000000158e-01
8.100000000000000533e-01
8.126999999999999780e-01
8.169999999999999485e-01
8.158999999999999586e-01
8.201000000000000512e-01
8.165000000000000036e-01
8.257999999999999785e-01
8.191000000000000503e-01
8.296999999999999931e-01
8.273000000000000353e-01
8.358999999999999764e-01
8.356999999999999984e-01
8.420999999999999597e-01
8.426000000000000156e-01
8.457999999999999963e-01
8.468999999999999861e-01
8.485000000000000320e-01
8.491999999999999549e-01
8.508000000000000007e-01
8.508999999999999897e-01
8.530999999999999694e-01
8.540999999999999703e-01
8.551999999999999602e-01
8.565000000000000391e-01
8.561999999999999611e-01
8.580999999999999739e-01
8.582999999999999519e-01
8.605000000000000426e-01
8.612999999999999545e-01
8.626000000000000334e-01
8.629000000000000004e-01
8.640999999999999792e-01
8.645000000000000462e-01
8.658000000000000140e-01
8.650999999999999801e-01
8.670999999999999819e-01
8.659000000000000030e-01
8.676000000000000378e-01
8.677000000000000268e-01
8.689000000000000057e-01
8.692999999999999616e-01
8.697000000000000286e-01
8.705000000000000515e-01
8.710999999999999854e-01
8.721999999999999753e-01
8.720999999999999863e-01
8.729999999999999982e-01
8.738000000000000211e-01
8.740999999999999881e-01
8.749000000000000110e-01
8.753999999999999559e-01
8.766000000000000458e-01
8.760999999999999899e-01
8.777000000000000357e-01
8.774999999999999467e-01
8.793999999999999595e-01
8.781999999999999806e-01
8.799000000000000155e-01
8.800999999999999934e-01
8.803999999999999604e-01
8.816000000000000503e-01
8.820000000000000062e-01
8.831999999999999851e-01
8.830999999999999961e-01
8.838000000000000300e-01
8.843999999999999639e-01
8.848000000000000309e-01
8.857000000000000428e-01
8.854999999999999538e-01
8.861999999999999877e-01
8.866000000000000547e-01
8.870000000000000107e-01
8.871999999999999886e-01
8.875999999999999446e-01
8.877000000000000446e-01
8.881999999999999895e-01
8.880000000000000115e-01
8.885999999999999455e-01
8.888000000000000345e-01
8.891000000000000014e-01
8.890000000000000124e-01
8.895999999999999464e-01
8.891999999999999904e-01
8.898000000000000353e-01
8.895999999999999464e-01
8.902999999999999803e-01
8.904999999999999583e-01
8.908000000000000362e-01
8.912999999999999812e-01
8.909000000000000252e-01
8.918000000000000371e-01
8.911000000000000032e-01
8.921999999999999931e-01
8.918000000000000371e-01
8.923999999999999710e-01
8.924999999999999600e-01
8.931000000000000050e-01
8.931999999999999940e-01
8.937000000000000499e-01
8.935999999999999499e-01
8.938000000000000389e-01
8.937000000000000499e-01
8.940000000000000169e-01
8.941000000000000059e-01
8.941999999999999948e-01
8.944999999999999618e-01
8.948000000000000398e-01
8.954999999999999627e-01
8.951999999999999957e-01
8.954999999999999627e-01
8.955999999999999517e-01
8.959000000000000297e-01
8.961000000000000076e-01
8.964999999999999636e-01
8.964999999999999636e-01
8.967000000000000526e-01
8.967000000000000526e-01
8.972999999999999865e-01
8.969000000000000306e-01
8.975999999999999535e-01
8.970000000000000195e-01
8.977000000000000535e-01
8.971000000000000085e-01
8.977000000000000535e-01
8.971999999999999975e-01
8.979000000000000314e-01
8.975999999999999535e-01
8.981999999999999984e-01
8.981999999999999984e-01
8.988000000000000433e-01
8.991000000000000103e-01
8.991000000000000103e-01
8.991999999999999993e-01
8.993999999999999773e-01
8.998000000000000442e-01
8.999000000000000332e-01
8.999000000000000332e-01
8.999000000000000332e-01
