1.150194235091981056e+02
6.406548389708368063e+01
5.245394589188627776e+01
4.717812141653119085e+01
4.343226050502144631e+01
4.127500061722302860e+01
3.913733924007642173e+01
3.794568449655329800e+01
3.649651329767008434e+01
3.567491090721406266e+01
3.475641271778933117e+01
3.406616028927283679e+01
3.324167338848633335e+01
3.266275318303771513e+01
3.182585853328179581e+01
3.125143649705022142e+01
3.053119458280796650e+01
2.996194249538282861e+01
2.939734272859305975e+01
2.882266565609470632e+01
2.827226165871732633e+01
2.765664513518490963e+01
2.710949724251304360e+01
2.650437665486564853e+01
2.601097695106245311e+01
2.545822572100798808e+01
2.500987833015600614e+01
2.450795849316237351e+01
2.407756287421700137e+01
2.362989102664973018e+01
2.321055772688758623e+01
2.282622070039435513e+01
2.242208267499804464e+01
2.209728744756237973e+01
2.171066055001350392e+01
2.143191153561424755e+01
2.106288710797271690e+01
2.081880094689156024e+01
2.046824102579751070e+01
2.025059810182936459e+01
1.992229040459328004e+01
1.972399163130161526e+01
1.942171988038357000e+01
1.923719843316417766e+01
1.895933469705701313e+01
1.878424739006938182e+01
1.852980732353029936e+01
1.836069360239704906e+01
1.812703068816718499e+01
1.796185321584473726e+01
1.774714357894214345e+01
1.758508141232535493e+01
1.738786018778530718e+01
1.722853825990779342e+01
1.704635310485679156e+01
1.688980048126543210e+01
1.672096600801655697e+01
1.656704705845353587e+01
1.641000173923778149e+01
1.626020755666524309e+01
1.611383944317100259e+01
1.596808719257308695e+01
1.583209567506523996e+01
1.569189879253936226e+01
1.556430286467946722e+01
1.542911162759377319e+01
1.530895452420570813e+01
1.517897158920123779e+01
1.506526469177613770e+01
1.494007838374590591e+01
1.483203222612890215e+01
1.471183222526001799e+01
1.460898962980604487e+01
1.449290394213717370e+01
1.439409290581009060e+01
1.428223542221888387e+01
1.418785279379862629e+01
1.408034702262387938e+01
1.399046139360018337e+01
1.388741589490901340e+01
1.380175026868342592e+01
1.370291460978898535e+01
1.362099705548906670e+01
1.352640292038647729e+01
1.344788083546875157e+01
1.335737577014922373e+01
1.328175170652740178e+01
1.319507216130330640e+01
1.312238730735583836e+01
1.303944264304903022e+01
1.296944406424072582e+01
1.289018632209909043e+01
1.282305711022283568e+01
1.274736828629030860e+01
1.268274362436431346e+01
1.261027683368142327e+01
1.254830841738655067e+01
1.247903931798975563e+01
1.241962061793633154e+01
1.235337250738072612e+01
1.229644196654328425e+01
1.223295972043071700e+01
1.217859943130297218e+01
1.211786430502677803e+01
1.206587507903106449e+01
1.200762840235189799e+01
1.195814754378759304e+01
1.190240709200241653e+01
1.185543015465935568e+01
1.180210114776919994e+01
1.175757256300508757e+01
1.170663805998436580e+01
1.166457839384132811e+01
1.161598006138452099e+01
1.157625746488251117e+01
1.152989112593733267e+01
1.149236140270149242e+01
1.144812541754816060e+01
1.141272590011061361e+01
1.137059927251421421e+01
1.133718800684782302e+01
1.129709746002400372e+01
1.126553178452714121e+01
1.122737825679980261e+01
1.119749719984701919e+01
1.116122502994729615e+01
1.113293814767164847e+01
1.109847689546393923e+01
1.107164561840948203e+01
1.103891659708346396e+01
1.101340953613742535e+01
1.098226057131407885e+01
1.095793477627928425e+01
1.092830025275457295e+01
1.090501334815403744e+01
1.087680327318236628e+01
1.085444619563959989e+01
1.082759289321614027e+01
1.080608216583642545e+01
1.078045884979366598e+01
1.075969686756696575e+01
1.073520863586105634e+01
1.071512475941162101e+01
1.069169828392236887e+01
1.067224058907882700e+01
1.064981321877859521e+01
1.063092439702890779e+01
1.060943245649874811e+01
1.059110645558082808e+01
1.057049070123010281e+01
1.055268533520935748e+01
