6.280286762540785048e+02
1.136335367902071702e+01
6.282808165226604347e-01
4.551902678355221887e-01
3.828617980453594694e-01
5.217273886422530982e-01
4.465303545746335256e-01
5.306784437825748935e-01
4.748408543586327690e-01
5.460649487966868776e-01
4.915207535952879625e-01
5.590373245878056396e-01
4.955936848766182568e-01
5.575085374228178070e-01
5.019968225760682579e-01
5.497958707769696751e-01
5.234148513089900145e-01
5.402762684366073653e-01
5.445555975974201157e-01
5.358341344799035788e-01
5.515843961408715135e-01
5.334589449208262391e-01
5.500306801246911403e-01
5.296913675209812267e-01
5.458746098693979532e-01
5.265616226973147684e-01
5.420742103445617133e-01
5.257399763185663932e-01
5.382816706706420318e-01
5.230782196504423220e-01
5.310435917254935356e-01
5.142579955430989225e-01
5.189239986171965135e-01
4.999144978137777251e-01
5.017861245810774085e-01
4.820672564421412676e-01
4.795593088163254691e-01
4.621656151677672186e-01
4.553285626901318883e-01
4.420578187324422648e-01
4.341875870511170410e-01
4.246336133283687420e-01
4.196366732769376551e-01
4.117417955824858034e-01
4.109324604060036190e-01
4.019999885046937615e-01
4.039288498702437447e-01
3.922440227405863955e-01
3.951968060968615304e-01
3.809645590452507280e-01
3.839954701096369161e-01
3.686586780047007572e-01
3.709660813985758421e-01
3.559644226664442912e-01
3.567595816828851851e-01
3.429125450002241116e-01
3.415107216875792329e-01
3.289405761722360988e-01
3.248030440768314153e-01
3.133944816632491803e-01
3.062438680458441920e-01
2.961286524279981847e-01
2.860281876450093685e-01
2.776105021720344790e-01
2.649099114481975326e-01
2.585622726349917633e-01
2.438030374410768419e-01
2.397006619206088485e-01
2.235078992695231914e-01
2.215782516076706121e-01
2.045249952329267207e-01
2.045382514256222639e-01
1.870872106639024368e-01
1.887441099715914117e-01
1.712309893545282680e-01
1.742202172010815509e-01
1.568781206144339302e-01
1.609112205398254836e-01
1.439043417163232141e-01
1.487220017385841031e-01
1.321664528525168802e-01
1.375408484488691019e-01
1.215234234711143335e-01
1.272575075728377691e-01
1.118386349365485116e-01
1.177629280717044924e-01
1.029925135130734110e-01
1.089606305181736040e-01
9.487083222778096292e-02
1.007589914338091336e-01
8.737468269078420280e-02
9.307844735878513520e-02
8.041868881435342009e-02
8.584897432146165741e-02
7.392471162936771478e-02
7.900760743621459969e-02
6.782608981381579860e-02
7.249880550525859835e-02
6.206535847162837627e-02
6.627781927109696603e-02
5.659592228600416469e-02
6.030864993761850257e-02
5.138159226049390099e-02
5.456965471832825321e-02
4.639907430281317580e-02
4.905288518208138215e-02
4.163920464244589420e-02
4.376633208095868227e-02
3.710841590203534102e-02
3.873921871962758556e-02
3.283094841398165320e-02
3.401979829346222367e-02
2.884604478252017143e-02
2.966894901838932827e-02
2.519882490067160141e-02
2.574502843772578237e-02
2.193151969085444658e-02
2.229002100305078546e-02
1.906918403493455816e-02
1.931679512887676808e-02
1.661272763403444375e-02
1.680662711538580614e-02
1.453991816912197053e-02
1.471475316239958392e-02
1.280947517996526910e-02
1.298249970052749169e-02
1.137094533395890429e-02
1.154706642727821274e-02
1.017218268027095425e-02
1.034986352657022574e-02
9.165293540067788805e-03
9.339851881961593744e-03
8.308682730273875619e-03
8.475286230938636547e-03
7.568907597550455883e-03
7.723803232589285077e-03
6.920115630602044661e-03
7.060436287904404973e-03
6.342420954895519082e-03
6.466729966446264216e-03
5.821482556898949050e-03
5.929292094351331505e-03
5.346837410879421749e-03
5.438667361920411503e-03
4.911291547987913647e-03
4.988496434936440412e-03
4.510317645780088057e-03
4.574705143812616420e-03
4.140845188459497776e-03
4.194647208638284733e-03
3.801029363067047820e-03
