6.336942340101960554e+02
6.318791110293857400e+02
1.153238963569344742e+04
2.370766508672637065e+04
2.773257030407850107e+04
2.809884238900066703e+04
2.866381760764207502e+04
2.954448217632070009e+04
2.999723782172063875e+04
3.033656749909748032e+04
3.041461624543330618e+04
3.044997508062563793e+04
3.051130585909534420e+04
3.045120374369992351e+04
3.035228158810226887e+04
3.027349983152145796e+04
3.033726044027068929e+04
3.019937037498311111e+04
3.020510725015477146e+04
3.028054786647650326e+04
3.039636033826816129e+04
3.040452355810946028e+04
3.030243207099204301e+04
3.030247118138709629e+04
3.027063293107506615e+04
3.034104289088007499e+04
3.029050856838296022e+04
3.027212661034061239e+04
3.028155206968537459e+04
3.029054756405618537e+04
3.036085105270535132e+04
3.049048280437375433e+04
3.030871843668935981e+04
3.011321110566217249e+04
3.025292896701424979e+04
3.036957485482340780e+04
3.032565475086201695e+04
3.034881593058028011e+04
3.046210437901813566e+04
3.047063617791245997e+04
3.031773710985463549e+04
3.037364797538735365e+04
3.035399782110755768e+04
3.028689735790202758e+04
3.027665199139973265e+04
3.025369305447789520e+04
3.024177700599487071e+04
3.023040428122237063e+04
3.021015388395985065e+04
3.021461841553176419e+04
3.042090235045215741e+04
3.048652149759569511e+04
3.033219370367236115e+04
3.022158773228957944e+04
3.031982640326065666e+04
3.030384054577837378e+04
3.029174623161139243e+04
3.026587611546292828e+04
3.032515412509352609e+04
3.046051424457528992e+04
3.044518767351435599e+04
3.025634823531953953e+04
3.026404591458285722e+04
3.052182044087334725e+04
3.054511110224372896e+04
3.034562321678997250e+04
3.024245219949322927e+04
3.031138160869462081e+04
3.048623136985361270e+04
3.039160312382878328e+04
3.033952403866106033e+04
3.035575257474387399e+04
3.038633066139699804e+04
3.033934816117269293e+04
3.020566284206445198e+04
3.019375311576820968e+04
3.019521904100994288e+04
3.031327333777616877e+04
3.034726768031999745e+04
3.030248351341351008e+04
3.030723127271702469e+04
3.032131476240418124e+04
3.030080095876925043e+04
3.029199809756935065e+04
3.027149940730964590e+04
3.024848451829973419e+04
3.029075423281761323e+04
3.041525595589871955e+04
3.037486381131045709e+04
3.032431264072383055e+04
3.027295046228498541e+04
3.039418090900430252e+04
3.042323228064618888e+04
3.044221928312575255e+04
3.034886636656515475e+04
3.043651155742818810e+04
3.061704077958810376e+04
3.057782895911367450e+04
3.037721504403484141e+04
3.035844422170113830e+04
3.029864173221639430e+04
3.030035998710559943e+04
3.033507577538400801e+04
3.022352426285442198e+04
3.035494395101039845e+04
3.034289326380772400e+04
3.031208099897942520e+04
3.025297298425800909e+04
3.023835331971941559e+04
3.029156351723495391e+04
3.032924950600826560e+04
3.030206705490388049e+04
3.022263746368767170e+04
3.032937810853348492e+04
3.032629663486555000e+04
3.035866559092333046e+04
3.043319935414444626e+04
3.055119469246184599e+04
3.061492622264517559e+04
3.042352688912601297e+04
3.031487684918419109e+04
3.034075985642033993e+04
3.042715403477662039e+04
3.042363859472678087e+04
3.028777702587414024e+04
3.037986619085022903e+04
3.040360019095216921e+04
3.034965525125954446e+04
3.040857956846946763e+04
3.042850392531048055e+04
3.016552824378601508e+04
3.020224081827696136e+04
3.036109904220006501e+04
3.038889569398356616e+04
3.023550181948416503e+04
3.026546594023138459e+04
3.028458421136993638e+04
3.025924763228852316e+04
3.031810701594921557e+04
3.034655012393137804e+04
3.033526636871432129e+04
3.024168475274878801e+04
3.034416003977665969e+04
3.019708682862249771e+04
3.016947809701926599e+04
3.025817999292942477e+04
3.021738925472269693e+04
3.025015806549158151e+04
3.034487827416843356e+04
3.047715535657357395e+04
3.039584663155551243e+04
