4.328067756907273633e+00
4.285887997867554589e+00
3.537387513028223407e-01
1.884450126682237769e-01
1.165799914613599997e-01
7.707185617199087402e-02
5.066764430311629375e-02
3.226193260271625202e-02
1.869762568085004545e-02
8.367805815080871581e-03
-2.078740715674598396e-05
-6.516370496005344064e-03
-1.163767762287388693e-02
-1.563243908438870580e-02
-1.865031423564200708e-02
-2.093977503300187976e-02
-2.249742730940600122e-02
-2.344107717417202169e-02
-2.383326630396993481e-02
-2.369963359916571477e-02
-2.310408973223943008e-02
-2.206734888820388943e-02
-2.059987774095311738e-02
-1.878945874660669160e-02
-1.666370311509478286e-02
-1.426895653869998150e-02
-1.161192279569469611e-02
-8.760995679216313989e-03
-5.729190450474632747e-03
-2.564975753590062035e-03
6.648052019303918704e-04
3.880499193981172632e-03
7.046546021939939335e-03
1.011882039711540712e-02
1.300190859695753501e-02
1.564236284010764311e-02
1.807756496767829943e-02
2.024813843928740045e-02
2.214466761799837105e-02
2.372593224690142111e-02
2.506176596123402961e-02
2.614498977497014057e-02
2.699093988652144505e-02
2.764595652714085458e-02
2.810393195504758482e-02
2.846737002110533155e-02
2.868454809971378652e-02
2.881787472725900329e-02
2.891265027010362504e-02
2.896240491353822138e-02
2.884075203692184133e-02
2.880725046985414817e-02
2.868198412669691749e-02
2.857800952964986013e-02
2.838546250536090609e-02
2.819785955732491758e-02
2.799116631099440866e-02
2.777577656523607871e-02
2.755050333812111146e-02
2.733993464362214493e-02
2.710042459829104314e-02
2.681735374860462484e-02
2.651295544325055556e-02
2.617841598570112838e-02
2.591058999956200037e-02
2.568540727593838016e-02
2.538350752631792634e-02
2.512192614403130006e-02
2.483481763496470790e-02
2.450002824696930620e-02
2.421110673649867068e-02
2.391517865349765404e-02
2.355901273855973838e-02
2.324307703727082966e-02
2.298110807544439735e-02
2.263249452465352501e-02
2.230468408075292688e-02
2.205599881185257502e-02
2.174327240107135767e-02
2.134388013846056156e-02
2.117269816032013932e-02
2.083667137888916415e-02
2.053314621314545133e-02
2.023681769963484728e-02
2.002348715021788975e-02
1.965699436633766214e-02
1.948152262147537922e-02
1.923711060715902615e-02
1.897255682090847120e-02
1.879722244241556137e-02
1.849821704174004974e-02
1.828067201161037020e-02
1.804018994981788568e-02
1.789047623685519409e-02
1.754880485573551141e-02
1.738181169292115497e-02
1.717974753820097900e-02
1.688287492463295958e-02
1.678919567096570989e-02
1.657474301584301035e-02
1.638214616342391697e-02
1.620209180470325722e-02
1.598735667389682494e-02
1.583504472401827540e-02
1.565785556596250086e-02
1.550984247193934289e-02
1.538580863330466300e-02
1.519347200316925432e-02
1.511331495302425075e-02
1.489193807178388305e-02
1.485608631432164435e-02
1.466499395056061403e-02
1.455613132487066329e-02
1.442815621721212777e-02
1.432348155671302713e-02
1.420884548826467815e-02
1.415915264244215800e-02
1.393546528284243628e-02
1.394152950853456453e-02
1.379886758621342614e-02
1.356303113146729855e-02
1.358987480060484636e-02
1.356987272194040001e-02
1.352988008676199103e-02
1.340393342625056071e-02
1.327934805511276316e-02
1.328383949531627278e-02
1.315515515070327275e-02
1.311545272264837136e-02
1.286066667916362094e-02
1.302574943162760311e-02
1.295390487659286473e-02
1.295771233393775562e-02
1.293725055260701133e-02
1.278620357395109097e-02
1.286961689676399331e-02
1.285078006661521423e-02
1.276293809233486343e-02
1.274892847094104623e-02
1.273385801993022481e-02
1.275295889609925210e-02
1.266632833477476794e-02
1.265767092274671692e-02
1.262085830221948944e-02
1.266195088565790806e-02
1.269820430677665209e-02
1.272393218460091818e-02
1.273450539890461607e-02
1.267546342337848124e-02
1.277842355819721817e-02
1.276145185787626660e-02
