4.350803946388635879e+00
2.343969608546614847e+00
1.810396333591199225e+00
1.585637367006843101e+00
1.419934892098524415e+00
1.309082098379620973e+00
1.213550068239202639e+00
1.137219044608458240e+00
1.073300146050200743e+00
1.009455296077955921e+00
9.628486554460333746e-01
9.108808262404455292e-01
8.773400941157900590e-01
8.374293926039499958e-01
8.132289830915842010e-01
7.871218205703529591e-01
7.662368328042885590e-01
7.442668489149260047e-01
7.232126152566891175e-01
7.039136255239455409e-01
6.814212752280128793e-01
6.664985393903315458e-01
6.519340944543059457e-01
6.356249447466386648e-01
6.216415052585051448e-01
6.071680384183177903e-01
5.957043144024711800e-01
5.796635366733335903e-01
5.676937472364533832e-01
5.500256356559916071e-01
5.402752491338853602e-01
5.229505910595348972e-01
5.147438814576192900e-01
5.017078030483324014e-01
4.945068453744214110e-01
4.789074643107816276e-01
4.734080524797064649e-01
4.591895823911414376e-01
4.575446933310224895e-01
4.443473030899301457e-01
4.457195429498505557e-01
4.347127643141827646e-01
4.374636431779815315e-01
4.254465365761251339e-01
4.287696898303244297e-01
4.146008968019546104e-01
4.184668670952154668e-01
4.066403191789932925e-01
4.085844183246046257e-01
3.938067279859876479e-01
3.941043989759576704e-01
3.801198393538106068e-01
3.802520012146414774e-01
3.657460767237537547e-01
3.666397179448543375e-01
3.527140482026954182e-01
3.525594247140921289e-01
3.398371598133464455e-01
3.389621033238220948e-01
3.248088084065920422e-01
3.225444363426427929e-01
3.088049228813763425e-01
3.064262919702154808e-01
2.955131871724862580e-01
2.940175907804581379e-01
2.827538332809403365e-01
2.796498148467768119e-01
2.690468354660930372e-01
2.654977143206363466e-01
2.562269743266873401e-01
2.529526240276405713e-01
2.449135640019650118e-01
2.414929235939046737e-01
2.343356420435995235e-01
2.309091277695479172e-01
2.243897272781013030e-01
2.206222711463565189e-01
2.148345544788665129e-01
2.116052251942412421e-01
2.069071963680579329e-01
2.037679617404795640e-01
1.998501395941893466e-01
1.968049956090187624e-01
1.934206317489796656e-01
1.906854118084912453e-01
1.879362111022397364e-01
1.854723321856349694e-01
1.831203447308072940e-01
1.808983130612596413e-01
1.788964944451623684e-01
1.769201391676560320e-01
1.752633288251625454e-01
1.735061617299957226e-01
1.720792694385021582e-01
1.705339393324946107e-01
1.692664915721515673e-01
1.678840307814979393e-01
1.667412873802082696e-01
1.654887932376121196e-01
1.644240667782315146e-01
1.632792116176688957e-01
1.622730611933140832e-01
1.611910542885678366e-01
1.602228000017887899e-01
1.592113730666610549e-01
1.582713859733657080e-01
1.573026435340893481e-01
1.563867832809467395e-01
1.554515750893987747e-01
1.545628146913204937e-01
1.536698807298883529e-01
1.527976805945038818e-01
1.519308399961810663e-01
1.510855843927405573e-01
1.502361655416162844e-01
1.494135526006380443e-01
1.485939916160127217e-01
1.477920321898929523e-01
1.469965506538713496e-01
1.462102714062404885e-01
1.454353852213164933e-01
1.446679865701890888e-01
1.439125371029367773e-01
1.431727312310510647e-01
1.424345855083426482e-01
1.417117022541234395e-01
1.409870134710933254e-01
1.402800638738248007e-01
1.395772090977909219e-01
1.388833859954501371e-01
1.382006811893408127e-01
1.375305801316327736e-01
1.368562684789938477e-01
1.361939212421139356e-01
1.355468162502909690e-01
1.348968588167984706e-01
1.342573394008559351e-01
1.336251849850028095e-01
1.330003911095145042e-01
1.323832700479821711e-01
1.317733539799232911e-01
1.311711114478745221e-01
1.305722015193693242e-01
1.299845471826726051e-01
1.293953935746570694e-01
1.288230709261657392e-01
1.282402282989003051e-01
1.276785292551489981e-01
1.271158654168406676e-01
1.265591892748728076e-01
1.260149175719245118e-01
