4.328067756907273633e+00
4.221581334442296551e+00
3.641386519436202729e+00
2.980612347723825550e+00
2.490778910515069278e+00
2.210897899444119297e+00
2.059482820304235684e+00
1.924227892068969936e+00
1.884062767170906705e+00
1.751667818805340726e+00
1.521836587575355004e+00
1.409742111468525572e+00
1.315254582521752758e+00
1.232195777349679888e+00
1.154036565280293081e+00
1.102642498512267588e+00
1.027267429917907648e+00
9.899843348916093078e-01
9.383306242374223061e-01
9.065458528864102083e-01
8.708209971386494663e-01
8.400086071418934042e-01
8.195432515701881471e-01
8.125769210991845570e-01
7.942528284235667035e-01
7.571938869162346819e-01
7.151451631401281039e-01
6.863392126235701163e-01
6.692193004302393611e-01
6.815058951340486892e-01
6.665510589740626379e-01
6.773076737624305066e-01
6.548679614922469083e-01
6.051960243862729572e-01
5.793741338901637894e-01
5.754283921502905130e-01
5.649654113463143945e-01
5.856950840535946057e-01
5.972716732258745997e-01
5.952618630743716777e-01
5.693111193299396078e-01
5.669537705192894128e-01
5.671849923885227129e-01
5.902448051549786801e-01
5.564931771747104738e-01
5.567982412288489114e-01
5.349658406195013649e-01
5.373458929222665326e-01
5.041507057938366954e-01
5.027610532679664956e-01
4.768479998102777007e-01
4.636003355988777552e-01
4.525298907344423305e-01
4.391292503092764643e-01
4.303831979170018029e-01
4.310081897925134853e-01
4.148889861921341016e-01
4.059998005530893739e-01
3.955057259094733046e-01
3.905609612120073404e-01
3.867166706909241358e-01
3.842370675219852205e-01
3.769083142273803588e-01
3.713741695888663763e-01
3.624152096503955311e-01
3.571931349904839958e-01
3.518660496295053508e-01
3.483949525421614624e-01
3.457106588721724494e-01
3.432309970848921865e-01
3.421332420401249630e-01
3.407195134563641425e-01
3.371463044353628091e-01
3.330580674504332594e-01
3.296838873835170047e-01
3.252705385321311704e-01
3.226667069652291442e-01
3.193283714067913781e-01
3.159558725002038493e-01
3.127760870508724533e-01
3.103285001745257898e-01
3.070619596768874304e-01
3.053181775761262817e-01
3.027529968925396497e-01
3.007004428179831934e-01
2.981745547396718599e-01
2.960397307896292518e-01
2.942471633254954422e-01
2.924808852650243596e-01
2.905189369747118167e-01
2.884262812701151035e-01
2.866801075759335959e-01
2.853964616917763486e-01
2.833158252199581284e-01
2.816811569823797767e-01
2.797973222752617173e-01
2.780606268546796378e-01
2.765037504328428652e-01
2.749591021530450319e-01
2.734646394575015460e-01
2.723078221056896009e-01
2.703334192264512659e-01
2.691191140722429265e-01
2.676316728263236633e-01
2.661437314446137292e-01
2.642532129327058721e-01
2.632386303844568842e-01
2.620533656677689893e-01
2.606489151364753121e-01
2.590436481320688711e-01
2.578141120295155408e-01
2.564559220798499628e-01
2.551422918022875908e-01
2.541810434091176241e-01
2.526606773874383594e-01
2.518270788702050011e-01
2.501180195108249071e-01
2.494304213594810415e-01
2.480078804787058389e-01
2.469860926660341349e-01
2.455776758866994591e-01
2.448572152249358369e-01
2.434116983005077395e-01
2.420371440766260207e-01
2.411714373468797079e-01
2.400359114066242250e-01
2.387888090314728429e-01
2.378162335274648653e-01
2.367827953163694488e-01
2.358117709038572984e-01
2.348548697612256597e-01
2.336620033551127240e-01
2.329276404663493671e-01
2.316365561901589931e-01
2.309001565863578465e-01
2.301330765482743623e-01
2.290893613410790453e-01
2.284088049997178849e-01
2.272843754873458966e-01
2.265069145624466485e-01
2.254572209743280209e-01
2.247261781628985544e-01
2.235543977472235488e-01
2.225207190563457949e-01
2.219030833640081857e-01
2.205532769044998564e-01
2.199851830220452276e-01
2.192993987393163646e-01
2.182989217195216713e-01
2.178666860526393412e-01
2.170111453472730323e-01
