4.437845965502583923e+00
4.740248478393857212e+00
6.483369485974177504e-01
4.364938292838214662e-01
3.434667558477191851e-01
2.884597737763873182e-01
2.517559601370109590e-01
2.254782989105453272e-01
2.058286757491343266e-01
1.907241696220217386e-01
1.789275614919160762e-01
1.695941943339650260e-01
1.621785048218462033e-01
1.562972877031631458e-01
1.516864509972949970e-01
1.481174896910791294e-01
1.454543765165881852e-01
1.435508057486093725e-01
1.423135141965551631e-01
1.416571834788146467e-01
1.414746398107325775e-01
1.416944562785187323e-01
1.422866517706315170e-01
1.432024115502164574e-01
1.443836184175688042e-01
1.457462328486505976e-01
1.472546315563729169e-01
1.488476759463401022e-01
1.504878332314090739e-01
1.521548839488765792e-01
1.538063479363630803e-01
1.554069715997771495e-01
1.569256736099991778e-01
1.583365032452745125e-01
1.596537912518694868e-01
1.608474357412066347e-01
1.619047289857103722e-01
1.627969585736764313e-01
1.635378363351653874e-01
1.641600777281468915e-01
1.646791359157093737e-01
1.650812782019567548e-01
1.653892931786898335e-01
1.656082732370648125e-01
1.657394055376792130e-01
1.657910324333507768e-01
1.657897738851434322e-01
1.657441763629859399e-01
1.656615354693628528e-01
1.655516490560702825e-01
1.654156248720042299e-01
1.652622090137287059e-01
1.650997356432913621e-01
1.649289462837780218e-01
1.647502077699037615e-01
1.645613787052487287e-01
1.643669474536579855e-01
1.641665735956456262e-01
1.639601840978485714e-01
1.637519514880901583e-01
1.635443420984344642e-01
1.633382558826514119e-01
1.631340755432633682e-01
1.629306934037033083e-01
1.627297433115128256e-01
1.625310833371622077e-01
1.623351184848978446e-01
1.621433643790006762e-01
1.619532373143656723e-01
1.617651244989288806e-01
1.615808894617649649e-01
1.614018719900063847e-01
1.612260018938916351e-01
1.610534430159845931e-01
1.608852679391235552e-01
1.607207019175247997e-01
1.605599938035702223e-01
1.604028617397851575e-01
1.602501162692190617e-01
1.601024145925246667e-01
1.599598986502023534e-01
1.598211880078075353e-01
1.596853029364497800e-01
1.595538848924002440e-01
1.594271370300202884e-01
1.593046862867124602e-01
1.591859449037366647e-01
1.590701967816192663e-01
1.589588086693067004e-01
1.588507306252135431e-01
1.587468387553397642e-01
1.586461643143637912e-01
1.585488245695373111e-01
1.584543724276013532e-01
1.583637443325186800e-01
1.582771555313151057e-01
1.581939971893121799e-01
1.581141118995033068e-01
1.580372931799441660e-01
1.579641912264381776e-01
1.578943085402707835e-01
1.578273911757873127e-01
1.577635169872466103e-01
1.577030288225246824e-01
1.576458834898348260e-01
1.575920640304176723e-01
1.575414312855897836e-01
1.574939304234076742e-01
1.574494932794278657e-01
1.574073363928156222e-01
1.573680758162686044e-01
1.573317823055195019e-01
1.572983725381053577e-01
1.572677188437379137e-01
1.572397627568798417e-01
1.572144690395459732e-01
1.571914939508149978e-01
1.571710048006444427e-01
1.571529220474126853e-01
1.571366924241707486e-01
1.571227362759401447e-01
1.571109316490781060e-01
1.571014475358639417e-01
1.570942843850251514e-01
1.570894106952452351e-01
1.570867617235967850e-01
1.570863306787844971e-01
1.570880438276929247e-01
1.570917856396791268e-01
1.570972986559192874e-01
1.571048066951154232e-01
1.571142749674529493e-01
1.571256962157249748e-01
1.571388275001432966e-01
1.571536793038659785e-01
1.571702198982898868e-01
1.571884803142754028e-01
1.572085315897883417e-01
1.572302782684151801e-01
1.572538151718892441e-01
1.572790310887360599e-01
1.573059089239179364e-01
1.573344295743875354e-01
1.573645126760206681e-01
1.573962172980520324e-01
1.574293132859290734e-01
1.574638670826643272e-01
1.574999441348055029e-01
1.575372678144973670e-01
1.575759640862102740e-01
1.576159921770091121e-01
