6.280286762540785048e+02
6.279478756748393380e+02
5.455384013851613645e+02
4.903848375650031812e+02
4.432549716298415206e+02
4.014953534231931371e+02
3.637843350747644422e+02
3.294769045549144266e+02
2.980637577639326423e+02
2.692441027044420707e+02
2.427507703618962864e+02
2.183626435675040796e+02
1.959322596464447201e+02
1.753289298379342256e+02
1.564112675310266525e+02
1.390699431777201482e+02
1.232230499383916538e+02
1.087662385966063283e+02
9.562677429416739017e+01
8.372106690273948004e+01
7.298693857603966251e+01
6.333531870093240457e+01
5.471351417610676293e+01
4.704638579971719281e+01
4.026780915427132612e+01
3.430871265648146817e+01
2.910379576272292823e+01
2.459481011853225141e+01
2.071726115443420824e+01
1.739872692155333311e+01
1.458274104291124473e+01
1.220225833137478766e+01
1.020184417744804861e+01
8.527219922788798812e+00
7.133721791153170955e+00
5.978047022234591168e+00
5.020808837557918736e+00
4.231104976141150331e+00
3.582217041744838237e+00
3.048179878182953217e+00
2.608084966491222012e+00
2.244551694690544608e+00
1.943180196524825432e+00
1.691495541673933012e+00
1.481550504909795674e+00
1.303545458158636539e+00
1.153512715540656153e+00
1.025647917823063526e+00
9.166819609045184780e-01
8.232423882916125590e-01
7.449351482063861773e-01
6.756427851200580426e-01
6.171810193237542430e-01
5.660242118458629346e-01
5.224085644571668796e-01
4.845547094402137267e-01
4.524317483222189407e-01
4.242072701852086514e-01
3.997774706085788776e-01
3.778790844873152754e-01
3.590466280781052233e-01
3.428926233197981399e-01
3.306019718517321793e-01
3.187012896495566294e-01
3.079850962445508378e-01
2.977257148574425361e-01
2.898941411381057986e-01
2.823157426609609888e-01
2.766735742728551051e-01
2.718070184724069582e-01
2.670722613734428652e-01
2.634607771297127199e-01
2.609818312048451938e-01
2.583694448903537944e-01
2.553602751658963221e-01
2.537255156607181039e-01
2.525607020744545794e-01
2.501364508013115828e-01
2.486749954862950973e-01
2.489203451818027546e-01
2.464598362891633754e-01
2.456673981047198529e-01
2.447135787951979224e-01
2.445201848122885713e-01
2.426472785593954684e-01
2.428122452809680087e-01
2.407643182633242285e-01
2.401012120481951506e-01
2.390405513421078321e-01
2.378426393672545824e-01
2.375102712780562675e-01
2.365097375113708600e-01
2.363674540433917948e-01
2.345885864230234930e-01
2.353595636467343821e-01
2.348277878329848301e-01
2.339986691550706155e-01
2.348221924690157836e-01
2.328248791335199019e-01
2.327053367356694547e-01
2.320056700570793384e-01
2.316626967895664413e-01
2.314773442526894265e-01
2.311783275830530948e-01
2.307504037197704860e-01
2.303259770944575680e-01
2.294410203514954949e-01
2.303184721535713464e-01
2.290848372545297162e-01
2.295047765211536417e-01
2.280346467339072480e-01
2.283764766560382187e-01
2.279528998750688651e-01
2.277108988209892715e-01
2.271823172110801758e-01
2.270106672063667563e-01
2.263872574852281161e-01
2.272294217009325212e-01
2.260356986200524887e-01
2.262987381976852286e-01
2.278064707628759678e-01
2.261493208694226875e-01
2.253338086364747861e-01
2.243658560853618866e-01
2.251157977275740629e-01
2.257811542589200082e-01
2.244637022616355893e-01
2.256889112160806454e-01
2.250553447263904383e-01
2.282785761424500626e-01
2.248628399902028729e-01
2.248466522134114631e-01
2.240209191289017077e-01
2.234705268166407022e-01
2.246327949902643395e-01
2.234077781707152488e-01
2.227232157873284546e-01
2.234298971477070572e-01
2.233146849271038792e-01
2.231519457468419121e-01
2.225348593403285169e-01
2.239012497248559219e-01
2.233583142034485935e-01
2.242067732205766384e-01
2.233320504725417877e-01
2.229272976165846964e-01
2.227541033964528794e-01
2.224440861201743280e-01
2.230921152205580515e-01
2.221521491761649370e-01
2.226738837430563001e-01
