6.336942340101960554e+02
3.589143047346396429e+02
4.391676640839509149e-01
4.332707368386219948e-01
4.738916173922441688e-01
2.105486340990379845e-01
1.345142734874750223e-01
1.722102110601976543e-01
1.770526732078896437e-01
2.782537330206588111e-01
4.555792728925532331e-01
4.300090743191598008e-01
2.365273104338657117e-01
2.304263247324499497e-01
2.190234226171766108e-01
2.547138549214215675e-01
3.090768957956411822e-01
1.726408347900773577e-01
1.350079168569482402e-01
1.015813001307447200e-01
1.066322029627606027e-01
1.199049509079344739e-01
1.112817795442430785e-01
9.913249840175379635e-02
8.557924679322433115e-02
6.102535587012477419e-02
4.997462841523740706e-02
3.190808654298241120e-02
2.594840083310098050e-02
1.585297568719741881e-02
1.207675828544527846e-02
8.445512789078625862e-03
6.748134450702284771e-03
4.734731865446777446e-03
4.924405746818111447e-03
4.545887814715768999e-03
3.494294844883880525e-03
2.779848933444623808e-03
3.262162092209809541e-03
2.918270082619496032e-03
3.259589282211293633e-03
3.902194547608940720e-03
4.680129617503830941e-03
5.301266385321723972e-03
3.420166005730815653e-03
3.413297603048642305e-03
2.816117875339550769e-03
3.320175357203916482e-03
2.839017288380830603e-03
2.454151646399647252e-03
2.643347861697540897e-03
2.635580857402989099e-03
2.812479862014434333e-03
2.371015578695795031e-03
2.639202909400604948e-03
2.427137337351023202e-03
2.760608008385000926e-03
2.051753369065872391e-03
2.204709265118052521e-03
2.349063224755281853e-03
2.926055451480238500e-03
2.353517634459474824e-03
2.159996612203129301e-03
2.296105190841275182e-03
2.143967951311180533e-03
2.333064064570842741e-03
2.274925499010635455e-03
2.415009144718687200e-03
2.266715482170859972e-03
2.256783975052076459e-03
2.274077181338898974e-03
2.179374879469193199e-03
2.040411935284727925e-03
2.413760341411874503e-03
1.991912253460759522e-03
2.054654110519421248e-03
1.904826042624368967e-03
2.006413180789801826e-03
1.902152432870885023e-03
2.057561937520457820e-03
2.124774272665905760e-03
2.206440732180367167e-03
2.670770059726065068e-03
2.457356170758733492e-03
2.043927300816238742e-03
2.627473282606842403e-03
2.631766339023289270e-03
1.717779293523840007e-03
2.095365736525586688e-03
1.818986440837933949e-03
1.917019683087621247e-03
1.881776315124483734e-03
2.126363346262901636e-03
1.969375492144897957e-03
2.040898807044088867e-03
2.273438478229699786e-03
2.081420756930126275e-03
2.378866287128433756e-03
2.419317190343334666e-03
2.262891527031152174e-03
2.223807716351068262e-03
2.368024494260372904e-03
1.776588059958725003e-03
1.918636731564808337e-03
1.872156359833339594e-03
2.029502922950099462e-03
1.889299264944379903e-03
1.851458733988869303e-03
1.830121411198904879e-03
1.849510896139970129e-03
1.831056808769989741e-03
1.896466236441932086e-03
2.147589337934217163e-03
2.120269194806382977e-03
2.035264738348695722e-03
2.096653244011744376e-03
1.802856346229741958e-03
1.896034528987525008e-03
1.974810546759637152e-03
1.784607471055887559e-03
1.940002561690930011e-03
1.954871397560598110e-03
1.795162504096281097e-03
1.767145978319986351e-03
1.732894551000783209e-03
1.966392106903128677e-03
1.802397786021091601e-03
1.803816687857519611e-03
1.733214051185593806e-03
1.782015081108777972e-03
1.784809352396575293e-03
1.809862643794289769e-03
1.793654782831093130e-03
1.960150361402901442e-03
2.031866456279024340e-03
2.175087481336008405e-03
1.729765475382869433e-03
2.007178011977286437e-03
2.357743181072375661e-03
1.909579148004962026e-03
1.888241710437654807e-03
1.905257669022928464e-03
1.676339798178175895e-03
1.699689360805106382e-03
1.734681436444001235e-03
1.931293720148084120e-03
1.392144381393908316e-03
1.812983063211941323e-03
1.763174070357324949e-03
1.662966235568363524e-03
1.983475808295010086e-03
