9.120000000000000329e-02
3.955000000000000182e-01
5.368000000000000549e-01
6.762000000000000233e-01
7.301999999999999602e-01
7.336000000000000298e-01
7.682999999999999829e-01
7.769000000000000350e-01
7.974999999999999867e-01
7.967999999999999527e-01
8.058999999999999497e-01
8.073000000000000176e-01
8.145000000000000018e-01
8.173000000000000265e-01
8.217999999999999750e-01
8.244000000000000217e-01
8.249999999999999556e-01
8.316999999999999948e-01
8.295000000000000151e-01
8.370999999999999552e-01
8.340999999999999526e-01
8.401999999999999469e-01
8.384000000000000341e-01
8.416000000000000147e-01
8.404000000000000359e-01
8.416000000000000147e-01
8.406000000000000139e-01
8.414000000000000368e-01
8.403000000000000469e-01
8.416000000000000147e-01
8.390999999999999570e-01
8.397000000000000020e-01
8.338999999999999746e-01
8.302000000000000490e-01
8.267999999999999794e-01
8.197999999999999732e-01
8.171000000000000485e-01
8.057999999999999607e-01
8.093000000000000194e-01
7.953999999999999959e-01
8.088999999999999524e-01
7.990000000000000435e-01
8.066999999999999726e-01
7.965999999999999748e-01
8.088999999999999524e-01
8.062000000000000277e-01
8.159999999999999476e-01
8.167999999999999705e-01
8.234000000000000208e-01
8.185000000000000053e-01
8.207999999999999741e-01
8.176999999999999824e-01
8.305000000000000160e-01
8.318999999999999728e-01
8.377999999999999892e-01
8.369999999999999662e-01
8.439999999999999725e-01
8.427999999999999936e-01
8.491999999999999549e-01
8.479999999999999760e-01
8.518000000000000016e-01
8.509999999999999787e-01
8.534000000000000474e-01
8.531999999999999584e-01
8.557000000000000162e-01
8.549999999999999822e-01
8.592999999999999527e-01
8.585000000000000409e-01
8.610999999999999766e-01
8.617000000000000215e-01
8.636000000000000343e-01
8.631999999999999673e-01
8.649999999999999911e-01
8.657000000000000250e-01
8.671999999999999709e-01
8.682999999999999607e-01
8.683999999999999497e-01
8.709000000000000075e-01
8.711999999999999744e-01
8.742999999999999661e-01
8.730999999999999872e-01
8.770999999999999908e-01
8.752999999999999670e-01
8.787000000000000366e-01
8.759000000000000119e-01
8.801999999999999824e-01
8.776000000000000467e-01
8.808000000000000274e-01
8.793999999999999595e-01
8.819000000000000172e-01
8.807000000000000384e-01
8.834999999999999520e-01
8.826000000000000512e-01
8.847000000000000419e-01
8.840999999999999970e-01
8.852999999999999758e-01
8.850999999999999979e-01
8.851999999999999869e-01
8.861999999999999877e-01
8.869000000000000217e-01
8.870999999999999996e-01
8.881000000000000005e-01
8.882999999999999785e-01
8.892999999999999794e-01
8.895999999999999464e-01
8.895999999999999464e-01
8.895999999999999464e-01
8.898000000000000353e-01
8.905999999999999472e-01
8.908000000000000362e-01
8.911999999999999922e-01
8.918000000000000371e-01
8.915999999999999481e-01
8.927000000000000490e-01
8.927000000000000490e-01
8.928000000000000380e-01
8.932999999999999829e-01
8.937000000000000499e-01
8.942999999999999838e-01
8.942999999999999838e-01
8.941999999999999948e-01
8.943999999999999728e-01
8.945999999999999508e-01
8.944999999999999618e-01
8.948000000000000398e-01
8.950000000000000178e-01
8.953999999999999737e-01
8.958000000000000407e-01
8.960000000000000187e-01
8.964999999999999636e-01
8.963999999999999746e-01
8.963999999999999746e-01
8.967000000000000526e-01
8.967000000000000526e-01
8.973999999999999755e-01
8.973999999999999755e-01
8.977000000000000535e-01
8.978000000000000425e-01
8.979000000000000314e-01
8.980000000000000204e-01
8.982999999999999874e-01
8.984999999999999654e-01
8.987000000000000544e-01
8.985999999999999543e-01
8.988000000000000433e-01
8.991999999999999993e-01
8.995999999999999552e-01
8.999000000000000332e-01
9.002000000000000002e-01
9.002000000000000002e-01
9.002000000000000002e-01
