1.340781377340741074e+03
1.415245111548243358e+03
1.429640729238154790e+03
1.439267757195845661e+03
1.448253563958069208e+03
1.458502783589665341e+03
1.469247028331195907e+03
1.481117282894279469e+03
1.493716566694504081e+03
1.507141510875444055e+03
1.521148868981639907e+03
1.535720902646451805e+03
1.550852054173436500e+03
1.566646714481332765e+03
1.583798649828436510e+03
1.601829810664460638e+03
1.621864656579286475e+03
1.642600574376997656e+03
1.665420148606142220e+03
1.688535696322581771e+03
1.713490261836561331e+03
1.738295554684527133e+03
1.764775719896903411e+03
1.790788329868468281e+03
1.818303907006518330e+03
1.845068078673988566e+03
1.873115005642382357e+03
1.900096664484874509e+03
1.928087197145939399e+03
1.954667979327123930e+03
1.981949148219918698e+03
2.007477102828466286e+03
2.033365722118084477e+03
2.057183353023297968e+03
2.080986930448579642e+03
2.102420082505043865e+03
2.123442780051871523e+03
2.141819668566032306e+03
2.159409824754229703e+03
2.174174618478883076e+03
2.187858791898903291e+03
2.198801520851880014e+03
2.208530963638111189e+03
2.215984044681973501e+03
2.222353906815445953e+03
2.227130573479790655e+03
2.231187128665926139e+03
2.234331890276377180e+03
2.237121395022988963e+03
2.239530282231048659e+03
2.241815179220626305e+03
2.243980460274453890e+03
2.246116943096161776e+03
2.248209997016280795e+03
2.250303147561615333e+03
2.252378170774086357e+03
2.254455856565497015e+03
2.256525205889125118e+03
2.258595520209076312e+03
2.260661419825135454e+03
2.262727047669610329e+03
2.264789922912335442e+03
2.266851892946047883e+03
2.268911838466588051e+03
2.270970601751505910e+03
2.273027706028130524e+03
2.275083554791448933e+03
2.277137969751474429e+03
2.279191165359078241e+03
2.281243095848267330e+03
2.283293890324934637e+03
2.285343553990788678e+03
2.287392176004411340e+03
2.289439790186665959e+03
2.291486458601862523e+03
2.293532225987124093e+03
2.295577146417249423e+03
2.297621263505006937e+03
2.299664627634931094e+03
2.301707291285340943e+03
2.303749304641211893e+03
2.305790719865726260e+03
2.307831586454276021e+03
2.309871950372438278e+03
2.311911851473928436e+03
2.313951335443030985e+03
2.315990447318562474e+03
2.318029229447129183e+03
2.320067718972036346e+03
2.322105957448810841e+03
2.324143984722207279e+03
2.326181838083824459e+03
2.328219558048586805e+03
2.330257180377010172e+03
2.332294739020154339e+03
2.334332264555955135e+03
2.336369784237909244e+03
2.338407325081042472e+03
2.340444918333786063e+03
2.342482596508123606e+03
2.344520388937653934e+03
2.346558323686397671e+03
2.348596423793553186e+03
2.350634710771090795e+03
2.352673206751777798e+03
2.354711935304284452e+03
2.356750919044985494e+03
2.358790179416008414e+03
2.360829735950576833e+03
2.362869611516562600e+03
2.364909823161295208e+03
2.366950389764693227e+03
2.368991328975956549e+03
2.371032654760746937e+03
2.373074381158449796e+03
2.375116520597420276e+03
2.377159088647046701e+03
2.379202097020693145e+03
2.381245560643403678e+03
2.383289497295435467e+03
2.385333920805904654e+03
2.387378841995629955e+03
2.389424270803630861e+03
2.391470219729460950e+03
2.393516700529237824e+03
2.395563724701788033e+03
2.397611303324568325e+03
2.399659447693034508e+03
2.401708168568462042e+03
2.403757476205446892e+03
2.405807380138626286e+03
2.407857890701875476e+03
2.409909017814580693e+03
2.411960770866317489e+03
2.414013158320593902e+03
2.416066190957436447e+03
2.418119879114762625e+03
2.420174231837360821e+03
2.422229259362896300e+03
2.424284971469198808e+03
2.426341375486003926e+03
2.428398479108463107e+03
2.430456289473774632e+03
2.432514813895306361e+03
2.434574059235920686e+03
2.436634031935504936e+03
2.438694739899764954e+03
2.440756189603576786e+03
2.442818388444743960e+03
2.444881344232977881e+03
