9.120000000000000329e-02
3.134000000000000119e-01
4.944000000000000061e-01
6.229000000000000092e-01
6.884000000000000119e-01
7.207999999999999963e-01
7.439999999999999947e-01
7.567000000000000393e-01
7.732999999999999874e-01
7.773999999999999799e-01
7.931000000000000272e-01
7.929000000000000492e-01
8.066999999999999726e-01
8.038999999999999480e-01
8.131000000000000449e-01
8.125000000000000000e-01
8.167999999999999705e-01
8.215000000000000080e-01
8.250999999999999446e-01
8.278999999999999693e-01
8.318999999999999728e-01
8.324000000000000288e-01
8.353000000000000425e-01
8.373000000000000442e-01
8.388999999999999790e-01
8.395000000000000240e-01
8.433000000000000496e-01
8.437999999999999945e-01
8.460999999999999632e-01
8.477999999999999980e-01
8.489999999999999769e-01
8.505000000000000338e-01
8.524000000000000465e-01
8.545000000000000373e-01
8.551999999999999602e-01
8.565000000000000391e-01
8.594000000000000528e-01
8.592999999999999527e-01
8.620999999999999774e-01
8.628000000000000114e-01
8.647000000000000242e-01
8.667000000000000259e-01
8.673999999999999488e-01
8.689999999999999947e-01
8.690999999999999837e-01
8.705000000000000515e-01
8.711999999999999744e-01
8.715000000000000524e-01
8.725000000000000533e-01
8.727000000000000313e-01
8.739000000000000101e-01
8.739000000000000101e-01
8.757000000000000339e-01
8.756000000000000449e-01
8.772999999999999687e-01
8.770000000000000018e-01
8.787000000000000366e-01
8.777000000000000357e-01
8.789000000000000146e-01
8.790000000000000036e-01
8.791999999999999815e-01
8.803999999999999604e-01
8.798000000000000265e-01
8.816000000000000503e-01
8.804999999999999494e-01
8.820000000000000062e-01
8.820000000000000062e-01
8.832999999999999741e-01
8.829000000000000181e-01
8.840000000000000080e-01
8.838000000000000300e-01
8.848000000000000309e-01
8.843999999999999639e-01
8.854999999999999538e-01
8.850000000000000089e-01
8.860999999999999988e-01
8.852999999999999758e-01
8.869000000000000217e-01
8.860000000000000098e-01
8.874999999999999556e-01
8.864999999999999547e-01
8.881000000000000005e-01
8.875999999999999446e-01
8.890000000000000124e-01
8.881000000000000005e-01
8.897000000000000464e-01
8.883999999999999675e-01
8.909000000000000252e-01
8.891000000000000014e-01
8.910000000000000142e-01
8.894999999999999574e-01
8.913999999999999702e-01
8.897000000000000464e-01
8.911999999999999922e-01
8.901999999999999913e-01
8.918000000000000371e-01
8.908000000000000362e-01
8.919000000000000261e-01
8.912999999999999812e-01
8.922999999999999821e-01
8.914999999999999591e-01
8.924999999999999600e-01
8.919000000000000261e-01
8.927000000000000490e-01
8.922999999999999821e-01
8.930000000000000160e-01
8.923999999999999710e-01
8.930000000000000160e-01
8.927000000000000490e-01
8.934999999999999609e-01
8.929000000000000270e-01
8.937000000000000499e-01
8.931999999999999940e-01
8.940000000000000169e-01
8.939000000000000279e-01
8.943999999999999728e-01
8.941000000000000059e-01
8.952999999999999847e-01
8.941999999999999948e-01
8.954999999999999627e-01
8.947000000000000508e-01
8.959000000000000297e-01
8.955999999999999517e-01
8.960000000000000187e-01
8.961000000000000076e-01
8.963999999999999746e-01
8.961999999999999966e-01
8.967000000000000526e-01
8.965999999999999526e-01
8.970000000000000195e-01
8.971999999999999975e-01
8.974999999999999645e-01
8.973999999999999755e-01
8.979000000000000314e-01
8.979000000000000314e-01
8.981999999999999984e-01
8.981999999999999984e-01
8.985999999999999543e-01
8.984999999999999654e-01
8.989000000000000323e-01
8.983999999999999764e-01
8.991000000000000103e-01
8.987000000000000544e-01
8.994999999999999662e-01
8.995999999999999552e-01
8.997000000000000552e-01
8.999000000000000332e-01
8.999000000000000332e-01
9.000000000000000222e-01
9.000000000000000222e-01
9.001000000000000112e-01
