6.336942340101960554e+02
6.304895857708846734e+02
5.997605451927713602e+02
5.705245501302795219e+02
5.424312840347406564e+02
5.153587420794186755e+02
4.892301664255434730e+02
4.639867125325909569e+02
4.395825167788640897e+02
4.159829977517607631e+02
3.931618301231687838e+02
3.710981167816919424e+02
3.497752398314630113e+02
3.291796939826710400e+02
3.092998082017005572e+02
2.901258521660151928e+02
2.716493633002514230e+02
2.538627983127858556e+02
2.367592434932332708e+02
2.203323714948879513e+02
2.045763121499107058e+02
1.894852069764652924e+02
1.750536309177491034e+02
1.612761711350070186e+02
1.481474953079873558e+02
1.356621882824015302e+02
1.238144759604408875e+02
1.125983493137234319e+02
1.020076313074762169e+02
9.203568454117252884e+01
8.267523190735265359e+01
7.391859835328368433e+01
6.575720837929851825e+01
5.818172077487295013e+01
5.118174908113385158e+01
4.474567022360479029e+01
3.886044363334021767e+01
3.351123061355325206e+01
2.868161700509610412e+01
2.435326988101223833e+01
2.050509359877391091e+01
1.711369365091835348e+01
1.415380257410613574e+01
1.159829953321348128e+01
9.417504222863106733e+00
7.579680510528754134e+00
6.051586566075328300e+00
4.799098859698663233e+00
3.786290915224824083e+00
2.977671770807706508e+00
2.341481016690158068e+00
1.847613044048013187e+00
1.468080039617442267e+00
1.177794424666621653e+00
9.564517337534911290e-01
7.873542602985981187e-01
6.576971546500079979e-01
5.573401077799089443e-01
4.788485217134354488e-01
4.169755687415970802e-01
3.674773966402686831e-01
3.271970744875917214e-01
2.940238685248406925e-01
2.663434678246455189e-01
2.429785370464888350e-01
2.231285944078119088e-01
2.061782621775699598e-01
1.916161312727718280e-01
1.790232662107752448e-01
1.680558092980328211e-01
1.584710240426240313e-01
1.500420947359670798e-01
1.426041156052318959e-01
1.360051193717864426e-01
1.301202438804585915e-01
1.248527008314676140e-01
1.201224997402940836e-01
1.158727200726280271e-01
1.120616162859873477e-01
1.086335318230607777e-01
1.055535759375973853e-01
1.027903604448063279e-01
1.003000032710489320e-01
9.805715766994579918e-02
9.603980549731558347e-02
9.422479874772952957e-02
9.258787256124353937e-02
9.110938043823352261e-02
8.977210761840008491e-02
8.856450065759496892e-02
8.747196112083036046e-02
8.648661353875103375e-02
8.559276081278537063e-02
8.478721348979545436e-02
8.405811223216318184e-02
8.339685687361902966e-02
8.280173049167068033e-02
8.226485624560787857e-02
8.178455780891867588e-02
8.135849242424916805e-02
8.097113032607777816e-02
8.062293141169107891e-02
8.030727641135089467e-02
8.002620883203705182e-02
7.977026474068983630e-02
7.954384997691596459e-02
7.933898573625811079e-02
7.915928118295913196e-02
7.900823666389052147e-02
7.887976526047654757e-02
7.877316346863107166e-02
7.868212852660839973e-02
7.861094194922348122e-02
7.856103609061278192e-02
7.852771809124788061e-02
7.851069295651649793e-02
7.851394447960778622e-02
7.852753100971542055e-02
7.856041606297832491e-02
7.860329422884405892e-02
7.865777850400722249e-02
7.872967888664086922e-02
7.881119680132118999e-02
7.890188108885588802e-02
7.900145900900713836e-02
7.911461890434014210e-02
7.923520795526997618e-02
7.936738287338709896e-02
7.950760049326240086e-02
7.965561714180409425e-02
7.981594047698431504e-02
7.998067344858016126e-02
8.015073098419372988e-02
8.032899046064104209e-02
8.051280308768409000e-02
8.070505707297188913e-02
8.089574454011566607e-02
8.109555081804761811e-02
8.130220431323682828e-02
8.150878928431322390e-02
8.172004526696229065e-02
8.193443959093826834e-02
8.215269161322097391e-02
8.237251799665323837e-02
8.259723049183848032e-02
8.282365639791687550e-02
8.305259951785130823e-02
8.328298908488322716e-02
8.351734939690390325e-02
8.375316273831177882e-02
8.399298210794738095e-02
