1.460434558709525845e+02
9.032351182091659894e+02
1.354847517140695800e+03
1.378959737902323468e+03
nan
1.364790775535506100e+03
nan
nan
1.253447139915404932e+03
1.323187063985565601e+03
1.366025074195802517e+03
nan
nan
1.305844282131102773e+03
1.341118519414977754e+03
1.162783516191146418e+03
1.269855572316928146e+03
nan
nan
1.171824168846083467e+03
nan
nan
nan
nan
nan
1.380584590739675150e+03
1.286619872145350882e+03
1.250335645517246576e+03
nan
nan
1.361339356363874231e+03
1.354940384301756012e+03
1.315574742793173300e+03
1.296578063076775379e+03
1.263599337468597469e+03
nan
1.298486524586287032e+03
1.276621930341322695e+03
1.333031321648232506e+03
1.253534516037235562e+03
1.186200682719889073e+03
nan
nan
1.157078949288068998e+03
1.382122028148626441e+03
1.377074686655486175e+03
nan
1.389058833457839228e+03
nan
nan
nan
1.188428541473344467e+03
1.303731049105132797e+03
1.219571356713825480e+03
1.383526638926098485e+03
1.457656297788072607e+03
nan
nan
1.274709641816469002e+03
nan
1.300660662469113959e+03
1.237151821138771538e+03
nan
1.313379277844547687e+03
nan
1.382268635457192431e+03
1.319066884512997603e+03
1.324538450438284372e+03
nan
1.497593444109910024e+03
nan
1.348150110150608953e+03
nan
1.392017331727605324e+03
nan
1.247196013785309106e+03
nan
nan
nan
nan
nan
nan
1.401873420446999035e+03
nan
nan
1.203103725363349668e+03
1.170805224944885822e+03
1.175620904164933108e+03
nan
nan
1.202751057576996118e+03
1.311143223712779672e+03
1.420145385543443354e+03
nan
nan
nan
1.173836380898691459e+03
1.157716367204147900e+03
1.448436671728620922e+03
nan
1.304308505027698629e+03
1.371007254464903326e+03
1.256870415682944213e+03
1.267130830957667058e+03
1.314485627963332945e+03
1.360350262535330558e+03
nan
1.322794447806338667e+03
1.392926083988924347e+03
nan
nan
nan
1.223000785210542062e+03
1.298562459489266075e+03
nan
1.283406421447898538e+03
1.349129014613743493e+03
nan
1.401158648104242275e+03
nan
nan
1.177736258818826855e+03
nan
nan
nan
nan
nan
1.184362439125218771e+03
1.432339859882145674e+03
nan
nan
nan
nan
1.334719714545265106e+03
nan
1.139633545045911660e+03
nan
1.329023188252961745e+03
nan
1.419197104085347519e+03
nan
1.281592644183143875e+03
1.328357301708093246e+03
1.345197954043727577e+03
1.298703603285320241e+03
1.217904363268480893e+03
nan
nan
nan
1.395581651459149953e+03
1.192286591149365904e+03
