4.350803946388635879e+00
2.350683378735763274e+00
1.860141546495402531e+00
1.680078232830906293e+00
1.543138371523764096e+00
1.468411961203551552e+00
1.379410282565137758e+00
1.323307309637032692e+00
1.266724032179003201e+00
1.233161349330215373e+00
1.187282572342409859e+00
1.161773220886177960e+00
1.117333700869340252e+00
1.092151397767036958e+00
1.047464052331495754e+00
1.015223943553642094e+00
9.729628099362910287e-01
9.442558751374789949e-01
9.110801544606939029e-01
8.851384579300483058e-01
8.537736087372764793e-01
8.329453451759494254e-01
8.079027511707199682e-01
7.908489205239910280e-01
7.713985551286965947e-01
7.532684291003777233e-01
7.322639697064707853e-01
7.135631921616214512e-01
6.946228610507270140e-01
6.766756551304020650e-01
6.569951262931885694e-01
6.415043865188390093e-01
6.242528996159335541e-01
6.100725264456487995e-01
5.948406199079121492e-01
5.816911037197842749e-01
5.636347931873171291e-01
5.509367355362118079e-01
5.341187728133851564e-01
5.232178697212936935e-01
5.097863982197259336e-01
4.982107565112601777e-01
4.845236577168965941e-01
4.758499563092737916e-01
4.614489765044660907e-01
4.513379091981857827e-01
4.388576712368477684e-01
4.301536587736113915e-01
4.194586638000289969e-01
4.114969141237862504e-01
4.004406135875017703e-01
3.930097936250859791e-01
3.827454701996030884e-01
3.771387744137192910e-01
3.662381541921839179e-01
3.612425562273676172e-01
3.510873140246931201e-01
3.459827074026513016e-01
3.371657157865351473e-01
3.324233898719650138e-01
3.234461473252746022e-01
3.186043708951459830e-01
3.098060841370141039e-01
3.056642233445465151e-01
2.970267385748089350e-01
2.932764313289052960e-01
2.847289773985604566e-01
2.811666563945585673e-01
2.728479286941657977e-01
2.699324509627633595e-01
2.619986176414795254e-01
2.593674546840439299e-01
2.510362219748066281e-01
2.483780924383128252e-01
2.411103779212166454e-01
2.390128673673114768e-01
2.318258190815140618e-01
2.291689073633779716e-01
2.220655696284657421e-01
2.203004832681753622e-01
2.136056627820973053e-01
2.116054841625065186e-01
2.049928450536219748e-01
2.035048604719880694e-01
1.971463884937185163e-01
1.956543966133724721e-01
1.896732830969878325e-01
1.882473414972976600e-01
1.829238588183196290e-01
1.815653391590618115e-01
1.764186381329129194e-01
1.753236606519200658e-01
1.703631299597141435e-01
1.690823423035066053e-01
1.646035368918941089e-01
1.635257520859407787e-01
1.594525554316102434e-01
1.584420357771506027e-01
1.545705078890833306e-01
1.535259648206513949e-01
1.499876445290676541e-01
1.489498289899396921e-01
1.457813734380362658e-01
1.448847804806691619e-01
1.420048008969851949e-01
1.410478264213854693e-01
1.383498929729198856e-01
1.374658954810519806e-01
1.349843015852411621e-01
1.341130087440240981e-01
1.318957723873068755e-01
1.310183101670963079e-01
1.289460755875494469e-01
1.281047965348535156e-01
1.262263645579534965e-01
1.253388376383137714e-01
1.236809448167143777e-01
1.228012163074377883e-01
1.213018033264288698e-01
1.204663909077672845e-01
1.190886468649499652e-01
1.183295380143977726e-01
1.170498968936566353e-01
1.163138661860073642e-01
1.151547678542528819e-01
1.144451418618768757e-01
1.133747210587590648e-01
1.127037519189179049e-01
1.117399431819056099e-01
1.110971449300014458e-01
1.102130887521253766e-01
1.096182847044865905e-01
1.088013022946129338e-01
1.082259760385991809e-01
1.074669102320292557e-01
1.069348586292188097e-01
1.062321452676348033e-01
1.057203496913630136e-01
1.050631074432361589e-01
1.045650627057349014e-01
1.039425279700237348e-01
1.034699296387389666e-01
1.028852264155507013e-01
1.024198980970690287e-01
1.018678748542485302e-01
1.014102246469407720e-01
1.008866998153273298e-01
1.004419893828797372e-01
9.994629671364146928e-02
9.951851648354864688e-02
9.903540910557312449e-02
