6.869999999999999718e-02
9.199999999999999845e-02
3.677000000000000268e-01
4.450999999999999956e-01
6.649000000000000465e-01
5.336999999999999522e-01
6.800000000000000488e-01
3.679000000000000048e-01
6.813000000000000167e-01
6.814000000000000057e-01
6.812000000000000277e-01
6.812000000000000277e-01
6.812000000000000277e-01
6.812000000000000277e-01
6.812000000000000277e-01
6.812000000000000277e-01
6.812000000000000277e-01
6.812000000000000277e-01
6.812000000000000277e-01
6.812000000000000277e-01
6.812000000000000277e-01
6.812000000000000277e-01
6.812000000000000277e-01
6.812000000000000277e-01
6.812000000000000277e-01
6.812000000000000277e-01
6.812000000000000277e-01
6.812000000000000277e-01
6.812000000000000277e-01
6.812000000000000277e-01
6.812000000000000277e-01
6.812000000000000277e-01
6.812000000000000277e-01
6.812000000000000277e-01
6.812000000000000277e-01
6.812000000000000277e-01
6.812000000000000277e-01
6.812000000000000277e-01
6.812000000000000277e-01
6.812000000000000277e-01
6.812000000000000277e-01
6.812000000000000277e-01
6.812000000000000277e-01
6.812000000000000277e-01
6.812000000000000277e-01
6.812000000000000277e-01
6.812000000000000277e-01
6.812000000000000277e-01
6.812000000000000277e-01
6.812000000000000277e-01
6.812000000000000277e-01
6.812000000000000277e-01
6.812000000000000277e-01
6.812000000000000277e-01
6.812000000000000277e-01
6.812000000000000277e-01
6.812000000000000277e-01
6.812000000000000277e-01
6.812000000000000277e-01
6.812000000000000277e-01
6.812000000000000277e-01
6.812000000000000277e-01
6.812000000000000277e-01
6.812000000000000277e-01
6.812000000000000277e-01
6.812000000000000277e-01
6.812000000000000277e-01
6.812000000000000277e-01
6.812000000000000277e-01
6.812000000000000277e-01
6.812000000000000277e-01
6.812000000000000277e-01
6.812000000000000277e-01
6.812000000000000277e-01
6.812000000000000277e-01
6.812000000000000277e-01
6.812000000000000277e-01
6.812000000000000277e-01
6.812000000000000277e-01
6.812000000000000277e-01
6.812000000000000277e-01
6.812000000000000277e-01
6.812000000000000277e-01
6.812000000000000277e-01
6.812000000000000277e-01
6.812000000000000277e-01
6.812000000000000277e-01
6.812000000000000277e-01
6.812000000000000277e-01
6.812000000000000277e-01
6.812000000000000277e-01
6.812000000000000277e-01
6.812000000000000277e-01
6.812000000000000277e-01
6.812000000000000277e-01
6.812000000000000277e-01
6.812000000000000277e-01
6.812000000000000277e-01
6.812000000000000277e-01
6.812000000000000277e-01
6.812000000000000277e-01
6.812000000000000277e-01
6.812000000000000277e-01
6.812000000000000277e-01
6.812000000000000277e-01
6.812000000000000277e-01
6.812000000000000277e-01
6.812000000000000277e-01
6.812000000000000277e-01
6.812000000000000277e-01
6.812000000000000277e-01
6.812000000000000277e-01
6.812000000000000277e-01
6.812000000000000277e-01
6.812000000000000277e-01
6.812000000000000277e-01
6.812000000000000277e-01
6.812000000000000277e-01
6.812000000000000277e-01
6.812000000000000277e-01
6.812000000000000277e-01
6.812000000000000277e-01
6.812000000000000277e-01
6.812000000000000277e-01
6.812000000000000277e-01
6.812000000000000277e-01
6.812000000000000277e-01
6.812000000000000277e-01
6.812000000000000277e-01
6.812000000000000277e-01
6.812000000000000277e-01
6.812000000000000277e-01
6.812000000000000277e-01
6.812000000000000277e-01
6.812000000000000277e-01
6.812000000000000277e-01
6.812000000000000277e-01
6.812000000000000277e-01
6.812000000000000277e-01
6.812000000000000277e-01
6.812000000000000277e-01
6.812000000000000277e-01
6.812000000000000277e-01
6.812000000000000277e-01
6.812000000000000277e-01
6.812000000000000277e-01
6.812000000000000277e-01
6.812000000000000277e-01
6.812000000000000277e-01
6.812000000000000277e-01
6.812000000000000277e-01
