4.437845965502583923e+00
3.119882951388137649e+00
1.686751107626025941e+03
1.190636256430809590e+04
3.579336960804741102e+04
7.127989935454376973e+04
1.094024994272855838e+05
1.389260366878118075e+05
1.518587256888476841e+05
1.466047766604008793e+05
1.275393764755219454e+05
1.020422693470035156e+05
7.708746340371522820e+04
5.710937749048099795e+04
4.369199648785447062e+04
3.653211969969300844e+04
3.467299352153901418e+04
3.724007763188470562e+04
4.348969092138912674e+04
5.247422388062119717e+04
6.277840485367031943e+04
7.260770344583442784e+04
8.020544412377956905e+04
8.435729533803246159e+04
8.471312976548017468e+04
8.178937325206201058e+04
7.669335669242126460e+04
7.072997415051412827e+04
6.506024582526736049e+04
6.050962182070597919e+04
5.752838829079929565e+04
5.624574480561247037e+04
5.654900988241376763e+04
5.814944046201788296e+04
6.063176572186263365e+04
6.350534685321889265e+04
6.627028252700183657e+04
6.849551853490900248e+04
6.988947808827333211e+04
7.034144645852413669e+04
6.992066500238455774e+04
6.883668874604257871e+04
6.737632915122323902e+04
6.583766193166894664e+04
6.447671369286023400e+04
6.347480382467844902e+04
6.292603328465975210e+04
6.284052770416186104e+04
6.315793330065711780e+04
6.376712277735857060e+04
6.452936122887388046e+04
6.530233378598109994e+04
6.596245250196298002e+04
6.642186605988469091e+04
6.663805992427964520e+04
6.661423163534436026e+04
6.639206098699850554e+04
6.603844956404392724e+04
6.563062021161863231e+04
6.524157442220702069e+04
6.492949313473596703e+04
6.473081761550474039e+04
6.465862489250451472e+04
6.470408695179381175e+04
6.484171372361452086e+04
6.503543655559666513e+04
6.524621045359489653e+04
6.543809073485682893e+04
6.558387075881523197e+04
6.566759929635911249e+04
6.568588641515086056e+04
6.564600711250664608e+04
6.556356905169793754e+04
6.545818233791228704e+04
6.535022848105054436e+04
6.525697071215418691e+04
6.519089207570392318e+04
6.515793547352676978e+04
6.515820460070599802e+04
6.518626953632101504e+04
6.523350878797013138e+04
6.528931518303927442e+04
6.534373060479286505e+04
6.538822785163313529e+04
6.541753398090335395e+04
6.542923271773844317e+04
6.542444122726118803e+04
6.540631705249974038e+04
6.538001801923423773e+04
6.535077117551593983e+04
6.532385771501790441e+04
6.530293083506682888e+04
6.529056281672883779e+04
6.528712317449027614e+04
6.529198316455578606e+04
6.530282828856335254e+04
6.531726199394505238e+04
6.533218687726935605e+04
6.534544658597103262e+04
6.535493502845642070e+04
6.536004250943356601e+04
6.536035366041700763e+04
6.535688666479368840e+04
6.535046136015901720e+04
6.534288792871270562e+04
6.533519866244187870e+04
6.532897427568848070e+04
6.532460391098328546e+04
6.532285401455658575e+04
6.532320889634273772e+04
6.532567015967958287e+04
6.532912147238473699e+04
6.533327166882764141e+04
6.533694024006329710e+04
6.534005416886764579e+04
6.534177179139781219e+04
6.534249404722038889e+04
6.534180147795491939e+04
6.534050252473012370e+04
6.533840862406518863e+04
6.533647867334751936e+04
6.533447358185685152e+04
6.533325478094689606e+04
6.533234208106476581e+04
6.533239740190734301e+04
6.533267747988534393e+04
6.533370461294539564e+04
6.533458052392501850e+04
6.533583128168118128e+04
6.533654213415111008e+04
6.533736776772487065e+04
6.533745848512969678e+04
6.533764151945772755e+04
6.533712657605206186e+04
6.533687670776453160e+04
6.533609566266112961e+04
6.533580941568318667e+04
6.533514391413160774e+04
6.533513013385521481e+04
6.533477976484509418e+04
6.533511339441116434e+04
6.533503778228601732e+04
6.533558595605423761e+04
6.533559696094290121e+04
6.533615295413837157e+04
6.533606218598059058e+04
6.533648155334444891e+04
6.533620520146968920e+04
6.533646787049735576e+04
6.533604298740410013e+04
6.533622831085984217e+04
