7.866528822349713437e+02
7.605542849895111885e+02
7.571316770520263617e+02
7.538150347965618039e+02
7.509211482241455542e+02
7.484190942254059564e+02
7.464120667512976297e+02
7.444751368000061120e+02
7.428963837286339640e+02
7.414037210965949498e+02
7.402427811926779668e+02
7.390996053402545840e+02
7.382547319898498017e+02
7.373403989477287723e+02
7.366676535420217533e+02
7.360385542643856525e+02
7.353919107555540222e+02
7.350633299139700512e+02
7.346632663077017469e+02
7.343993529596572216e+02
7.341543111776410342e+02
7.338617555244137520e+02
7.336897471962251984e+02
7.334085861616584907e+02
7.333027025072778997e+02
7.330783679591892223e+02
7.329065119542913180e+02
7.329469872955768324e+02
7.329190606288431127e+02
7.332155397369523371e+02
7.333688098278765892e+02
7.337403476942146199e+02
7.339242256827986921e+02
7.342737211187460389e+02
7.344968020435522931e+02
7.348636239007709037e+02
7.350990331127609352e+02
7.354600020283223785e+02
7.356752181894513569e+02
7.360110720998242186e+02
7.361988477638493578e+02
7.365067149223750675e+02
7.366663945320120774e+02
7.369441704324657394e+02
7.370832506111368048e+02
7.373315918640006430e+02
7.374590604670786433e+02
7.376817629802015972e+02
7.378035200175893351e+02
7.380008912284772578e+02
7.381198994882097395e+02
7.382902626907300601e+02
7.384041255668047370e+02
7.385435749313919587e+02
7.386474960570417352e+02
7.387538253647600186e+02
7.388419813461669037e+02
7.389136324175633490e+02
7.389826070542999332e+02
7.390218430125622717e+02
7.390751666224507517e+02
7.390893832749034118e+02
7.391256424612926139e+02
7.391163514118366038e+02
7.391314412488702601e+02
7.390988176696811252e+02
7.390847249053535961e+02
7.390212889500684241e+02
7.389713870781466767e+02
7.388721430439204596e+02
7.387873600375014576e+02
7.386548990365960208e+02
7.385423427325860075e+02
7.383860668041804729e+02
7.382516740395357147e+02
7.380790688568861242e+02
7.379296409718731411e+02
7.377494385101880425e+02
7.375904730184826121e+02
7.374046967366653007e+02
7.372378396996442689e+02
7.370490959590123339e+02
7.368767795003868741e+02
7.366848544703435664e+02
7.365077074866200064e+02
7.363131746887521558e+02
7.361315207057610905e+02
7.359343142449465631e+02
7.357498083412450569e+02
7.355520690473611012e+02
7.353645092349073593e+02
7.351661728512804075e+02
7.349754897192739236e+02
7.347771886700828645e+02
7.345839189188897080e+02
7.343854704872532011e+02
7.341906230495903856e+02
7.339928110698556338e+02
7.337970979116315675e+02
7.336003669674312277e+02
7.334050529161210079e+02
7.332097170082206503e+02
7.330151675336990138e+02
7.328216583482987971e+02
7.326293111764389323e+02
7.324371277573876569e+02
7.322467284658991957e+02
7.320554577943329377e+02
7.318665863301628178e+02
7.316778086729028701e+02
7.314914859130145715e+02
7.313057098702378198e+02
7.311219534688505064e+02
7.309396027944628713e+02
7.307580109110857620e+02
7.305794760595590560e+02
7.304010419966159589e+02
7.302266432884403002e+02
7.300522462073753331e+02
7.298820500372269180e+02
7.297117670597028791e+02
7.295458222693846437e+02
7.293798525966824400e+02
7.292181225131845395e+02
7.290567260467751112e+02
7.288990325345442898e+02
7.287419258684435590e+02
7.285876292744935654e+02
7.284343983817880144e+02
7.282840296060358014e+02
7.281351756531113324e+02
7.279889193374345950e+02
7.278444593748189391e+02
7.277022363650928583e+02
7.275620704729431054e+02
7.274233504824171632e+02
7.272868143417166493e+02
7.271516383708050171e+02
7.270188195986836490e+02
7.268872628740754180e+02
7.267580684384361120e+02
7.266300523296235951e+02
7.265043524824822043e+02
7.263797663143727732e+02
7.262574670380548696e+02
7.261361850987035496e+02
7.260170883475886967e+02
7.258990952317822121e+02
7.257832327043536225e+02
7.256683801025953926e+02
