1.486571998862057740e+02
1.459151147020058943e+02
4.628228534823668383e+01
3.625980194472201390e+01
2.968894616686832322e+01
2.138242171266331582e+01
2.189777976193287756e+01
2.087949171151196026e+01
2.079267846169304690e+01
1.875289226762771477e+01
1.797704818247871827e+01
1.767117055199858200e+01
1.734763712754685727e+01
1.681327296345313371e+01
1.613264521510158289e+01
1.636586949767540844e+01
1.595403958134415134e+01
1.604378410803311539e+01
1.573339758248106435e+01
1.551761266004586659e+01
1.530836181297873466e+01
1.518139679334960945e+01
1.485113742286057814e+01
1.471779139011123938e+01
1.487166804387562813e+01
1.481400444557696972e+01
1.434526172259387522e+01
1.432089820488464404e+01
1.404536271189023644e+01
1.421800404127803574e+01
1.408292585783856232e+01
1.385217742892792536e+01
1.404513427367227330e+01
1.384480813519128084e+01
1.369862409410081838e+01
1.353338258913004921e+01
1.350514467274210162e+01
1.350274048284504680e+01
1.327758820590183397e+01
1.323285559911420783e+01
1.296344883586701968e+01
1.299855544367360416e+01
1.275796400934170371e+01
1.268340966056012320e+01
1.258335041472858862e+01
1.269090158469715313e+01
1.275634883762699445e+01
1.274304405944559981e+01
1.247377794008420615e+01
1.237990421043540756e+01
1.254906616622588977e+01
1.260979621813299545e+01
1.225973582751682933e+01
1.223725970765561932e+01
1.209828637105751525e+01
1.211359230688641020e+01
1.212431371008473313e+01
1.205265921602037338e+01
1.190717834007894460e+01
1.194065192025057343e+01
1.196478218065183974e+01
1.183614734050902229e+01
1.191023321324088791e+01
1.169717826951058370e+01
1.160956408514081240e+01
1.168114294695814515e+01
1.158897501691671650e+01
1.169271991742595063e+01
1.154959431416604865e+01
1.155885469933359389e+01
1.144935801617494953e+01
1.148493470610055489e+01
1.138539844766577858e+01
1.138329722353642737e+01
1.137148571637642114e+01
1.133040190096712507e+01
1.131881295050109770e+01
1.136784768077935759e+01
1.133516310239993174e+01
1.123217763026056204e+01
1.123568800395324097e+01
1.128989729778400708e+01
1.126922910484960028e+01
1.118121952867453039e+01
1.120520981978468988e+01
1.115930119727026693e+01
1.114917937355077449e+01
1.111918402517359183e+01
1.106274784313672654e+01
1.102854628290601013e+01
1.105836209722332342e+01
1.098627399677459238e+01
1.101596139372425753e+01
1.102111973573740400e+01
1.097627608540829947e+01
1.097226762558921642e+01
1.088637164537009383e+01
1.092464556331232473e+01
1.093086638754154372e+01
1.090737441066398183e+01
1.088125255849366191e+01
1.085330225495379075e+01
1.085803853605410474e+01
1.088345147942836633e+01
1.081720656223061994e+01
1.081714582473009756e+01
1.081137793876539277e+01
1.079589647854766987e+01
1.081517432063988871e+01
1.079053151091490470e+01
1.078710868512475862e+01
1.074777067815403697e+01
1.072482685544924408e+01
1.072604898808785379e+01
1.075920346215312584e+01
1.069886852737418614e+01
1.068067028340938762e+01
1.069257036791095494e+01
1.071458612233483620e+01
1.067818343101341583e+01
1.065459930640735919e+01
1.067839283619293766e+01
1.069695195850920477e+01
1.073877431526970128e+01
1.067655792794478131e+01
1.070030983744010733e+01
1.063748156222192165e+01
1.059215625395874483e+01
1.058831417210126702e+01
1.057436251916533010e+01
1.057790918016707771e+01
1.057670924593511330e+01
1.056264866288953286e+01
1.055217272138696671e+01
1.054342197125420810e+01
1.052720455884392692e+01
1.053004742652261427e+01
1.052237808643304895e+01
1.051916306106819299e+01
1.051101891965550195e+01
1.050812972772575549e+01
1.050040183303232944e+01
1.050025252115499441e+01
1.049108791101616234e+01
1.048968460123354340e+01
1.048866125011914185e+01
1.047408477398516169e+01
1.046207002697322430e+01
1.046281426694986472e+01
1.045679551275753205e+01
1.045717817279354733e+01
