6.869999999999999718e-02
8.980000000000000482e-02
8.189999999999999503e-01
8.624000000000000554e-01
8.657000000000000250e-01
8.637000000000000233e-01
8.709000000000000075e-01
8.760999999999999899e-01
8.811999999999999833e-01
8.791999999999999815e-01
8.811999999999999833e-01
8.796000000000000485e-01
8.846000000000000529e-01
8.860999999999999988e-01
8.854999999999999538e-01
8.812999999999999723e-01
8.911000000000000032e-01
8.897000000000000464e-01
8.923999999999999710e-01
8.953999999999999737e-01
8.967000000000000526e-01
8.991999999999999993e-01
8.978000000000000425e-01
8.933999999999999719e-01
8.929000000000000270e-01
8.963999999999999746e-01
8.984999999999999654e-01
9.000000000000000222e-01
9.002999999999999892e-01
9.033999999999999808e-01
9.012000000000000011e-01
9.026999999999999469e-01
9.003999999999999782e-01
9.024999999999999689e-01
9.026999999999999469e-01
8.985999999999999543e-01
9.004999999999999671e-01
9.010000000000000231e-01
8.988000000000000433e-01
9.040000000000000258e-01
9.050000000000000266e-01
9.042999999999999927e-01
9.058000000000000496e-01
9.032000000000000028e-01
9.055999999999999606e-01
9.041000000000000147e-01
9.042000000000000037e-01
9.036999999999999478e-01
9.023999999999999799e-01
9.048000000000000487e-01
9.020000000000000240e-01
9.052999999999999936e-01
9.062000000000000055e-01
9.069000000000000394e-01
9.043999999999999817e-01
9.062000000000000055e-01
9.072999999999999954e-01
9.078000000000000513e-01
9.078000000000000513e-01
9.066999999999999504e-01
9.063999999999999835e-01
9.089000000000000412e-01
9.080000000000000293e-01
9.081000000000000183e-01
9.081000000000000183e-01
9.071000000000000174e-01
9.073999999999999844e-01
9.081000000000000183e-01
9.082999999999999963e-01
9.096999999999999531e-01
9.099000000000000421e-01
9.106999999999999540e-01
9.085999999999999632e-01
9.093999999999999861e-01
9.092999999999999972e-01
9.109000000000000430e-01
9.102999999999999980e-01
9.111000000000000210e-01
9.115999999999999659e-01
9.102999999999999980e-01
9.114999999999999769e-01
9.111000000000000210e-01
9.112999999999999989e-01
9.119000000000000439e-01
9.106999999999999540e-01
9.112999999999999989e-01
9.125999999999999668e-01
9.118000000000000549e-01
9.115999999999999659e-01
9.104999999999999760e-01
9.105999999999999650e-01
9.108000000000000540e-01
9.126999999999999558e-01
9.115999999999999659e-01
9.122000000000000108e-01
9.122000000000000108e-01
9.114999999999999769e-01
9.103999999999999870e-01
9.127999999999999448e-01
9.122999999999999998e-01
9.115999999999999659e-01
9.130000000000000338e-01
9.131000000000000227e-01
9.122000000000000108e-01
9.119000000000000439e-01
9.129000000000000448e-01
9.134999999999999787e-01
9.116999999999999549e-01
9.122000000000000108e-01
9.115999999999999659e-01
9.122999999999999998e-01
9.120000000000000329e-01
9.131000000000000227e-01
9.134999999999999787e-01
9.132000000000000117e-01
9.143000000000000016e-01
9.134999999999999787e-01
9.130000000000000338e-01
9.141000000000000236e-01
9.135999999999999677e-01
9.124999999999999778e-01
9.129000000000000448e-01
9.130000000000000338e-01
9.122999999999999998e-01
9.131000000000000227e-01
9.131000000000000227e-01
9.141000000000000236e-01
9.133000000000000007e-01
9.137999999999999456e-01
9.134999999999999787e-01
9.143999999999999906e-01
9.143999999999999906e-01
9.140000000000000346e-01
9.133999999999999897e-01
9.137999999999999456e-01
9.129000000000000448e-01
9.131000000000000227e-01
9.141000000000000236e-01
9.133999999999999897e-01
9.124999999999999778e-01
9.134999999999999787e-01
9.136999999999999567e-01
9.143999999999999906e-01
9.141000000000000236e-01
9.133999999999999897e-01
9.131000000000000227e-01
9.130000000000000338e-01
9.132000000000000117e-01
9.141000000000000236e-01
9.143999999999999906e-01
9.136999999999999567e-01
