1.044999999999999957e-01
4.197000000000000175e-01
6.774999999999999911e-01
7.489000000000000101e-01
6.521000000000000130e-01
7.207000000000000073e-01
7.300999999999999712e-01
7.318000000000000060e-01
7.086999999999999966e-01
8.132000000000000339e-01
7.530999999999999917e-01
7.723999999999999755e-01
8.084000000000000075e-01
8.071000000000000396e-01
7.944999999999999840e-01
7.067999999999999838e-01
8.194000000000000172e-01
7.995999999999999774e-01
8.235999999999999988e-01
8.197999999999999732e-01
8.274000000000000243e-01
8.157999999999999696e-01
8.193000000000000282e-01
8.273000000000000353e-01
8.221000000000000529e-01
8.194000000000000172e-01
8.147999999999999687e-01
8.256000000000000005e-01
8.115999999999999881e-01
8.137999999999999678e-01
8.195000000000000062e-01
8.166999999999999815e-01
8.268999999999999684e-01
8.060000000000000497e-01
8.084999999999999964e-01
8.185000000000000053e-01
8.198999999999999622e-01
8.197999999999999732e-01
8.213000000000000300e-01
8.256000000000000005e-01
8.154000000000000137e-01
8.155999999999999917e-01
7.905999999999999694e-01
8.227999999999999758e-01
8.233000000000000318e-01
8.095999999999999863e-01
8.052000000000000268e-01
8.185000000000000053e-01
8.219999999999999529e-01
8.223000000000000309e-01
8.185999999999999943e-01
8.206999999999999851e-01
8.192000000000000393e-01
8.257999999999999785e-01
8.115999999999999881e-01
8.256999999999999895e-01
8.222000000000000419e-01
8.238999999999999657e-01
8.183000000000000274e-01
7.977999999999999536e-01
8.162000000000000366e-01
8.250999999999999446e-01
8.196999999999999842e-01
7.910000000000000364e-01
8.193000000000000282e-01
7.911000000000000254e-01
8.127999999999999670e-01
8.186999999999999833e-01
8.044999999999999929e-01
8.163000000000000256e-01
8.165999999999999925e-01
8.238999999999999657e-01
8.228999999999999648e-01
8.167999999999999705e-01
8.216999999999999860e-01
8.135999999999999899e-01
8.207999999999999741e-01
8.189999999999999503e-01
8.284000000000000252e-01
7.829000000000000403e-01
8.173000000000000265e-01
8.114999999999999991e-01
8.061000000000000387e-01
7.931000000000000272e-01
8.185999999999999943e-01
8.215000000000000080e-01
8.245000000000000107e-01
8.064000000000000057e-01
8.070000000000000506e-01
8.243000000000000327e-01
8.204000000000000181e-01
8.198999999999999622e-01
8.107999999999999652e-01
8.194000000000000172e-01
8.185999999999999943e-01
8.236999999999999877e-01
8.191000000000000503e-01
8.197999999999999732e-01
8.147999999999999687e-01
8.085999999999999854e-01
8.231000000000000538e-01
8.173000000000000265e-01
8.204000000000000181e-01
8.214000000000000190e-01
8.196999999999999842e-01
8.173000000000000265e-01
8.286999999999999922e-01
7.869000000000000439e-01
8.208999999999999631e-01
8.215000000000000080e-01
8.262000000000000455e-01
8.064000000000000057e-01
8.192000000000000393e-01
8.105999999999999872e-01
8.148999999999999577e-01
8.205000000000000071e-01
8.017999999999999572e-01
8.071000000000000396e-01
8.158999999999999586e-01
8.188999999999999613e-01
8.223000000000000309e-01
7.925999999999999712e-01
8.196999999999999842e-01
8.003000000000000114e-01
8.193000000000000282e-01
8.245999999999999996e-01
8.214000000000000190e-01
8.187999999999999723e-01
8.205000000000000071e-01
8.226999999999999869e-01
8.156999999999999806e-01
8.235000000000000098e-01
8.123000000000000220e-01
7.880000000000000338e-01
7.823999999999999844e-01
8.202000000000000401e-01
8.191000000000000503e-01
8.152000000000000357e-01
8.193000000000000282e-01
8.213000000000000300e-01
8.234000000000000208e-01
8.265000000000000124e-01
8.172000000000000375e-01
8.014000000000000012e-01
8.253000000000000336e-01
8.176999999999999824e-01
8.186999999999999833e-01
8.269999999999999574e-01
8.235000000000000098e-01
8.235000000000000098e-01
8.162000000000000366e-01
