1.887637494131980418e+02
6.551219884548548725e+04
6.549044742417879752e+04
6.546251816054882511e+04
6.544382446056169283e+04
6.542917680264763476e+04
6.542184683314736321e+04
6.541614090930327075e+04
6.541077575990815239e+04
6.540699300391926226e+04
6.540374389090228215e+04
6.540065965428849449e+04
6.539798228774296149e+04
6.539538724903573893e+04
6.539286901388104161e+04
6.539001848303705628e+04
6.538774921991430892e+04
6.538328695863331086e+04
6.538168172733199754e+04
6.538083537274345144e+04
6.537977588175180426e+04
6.537824180110474845e+04
6.537739373013000295e+04
6.537646266822134203e+04
6.537599425719818100e+04
6.537488933816854114e+04
6.537305506870026875e+04
6.537223078294316656e+04
6.537204059556390712e+04
6.537232164379925962e+04
6.537141748258998996e+04
6.537007507329771033e+04
6.537026914331416629e+04
6.536894646317011211e+04
6.536873274017465155e+04
6.536784190860352828e+04
6.536758222900667170e+04
6.536683393112101476e+04
6.536661096990272927e+04
6.536609217290323431e+04
6.536586335686325037e+04
6.536495321468875773e+04
6.536468827327611507e+04
6.536412276706265402e+04
6.536400605908431316e+04
6.536353439254650584e+04
6.536299647136863496e+04
6.536250612009532779e+04
6.536222947989490785e+04
6.536180630429625307e+04
6.536164537605343503e+04
6.536122827609843807e+04
6.536111941438978829e+04
6.536072137758866302e+04
6.536071962639710546e+04
6.536030479537499923e+04
6.536029217111123580e+04
6.535993253905232268e+04
6.535993194348520046e+04
6.535959577013616217e+04
6.535959927123351372e+04
6.535931821521588427e+04
6.535931695576611673e+04
6.535898611156800325e+04
6.535902580163843959e+04
6.535875606294019235e+04
6.535881613562242273e+04
6.535857388414251182e+04
6.535860266015389061e+04
6.535834817123842367e+04
6.535843123724842008e+04
6.535816254427357489e+04
6.535822696057400753e+04
6.535798251186172274e+04
6.535804959948901524e+04
6.535782626344025630e+04
6.535789262798959680e+04
6.535768207576317218e+04
6.535774495633091283e+04
6.535755672653362853e+04
6.535760739294337691e+04
6.535739935553530086e+04
6.535747087467808160e+04
6.535727254935364908e+04
6.535734656098941923e+04
6.535716086733838893e+04
6.535721964289226162e+04
6.535703328422123013e+04
6.535710843745417515e+04
6.535693032320308703e+04
6.535699543676857138e+04
6.535681817266534199e+04
6.535688669678742735e+04
6.535671583225400536e+04
6.535677589929172973e+04
6.535661695232491184e+04
6.535668616337732965e+04
6.535653271971741924e+04
6.535659051090950379e+04
6.535642748976509756e+04
6.535650346478692518e+04
6.535634111242010113e+04
6.535640920764785551e+04
6.535625427091301390e+04
6.535632339089660672e+04
6.535618549442549556e+04
6.535625194753497635e+04
6.535609512614332198e+04
6.535617536298372579e+04
6.535601806501109968e+04
6.535608635548978054e+04
6.535594544377612328e+04
6.535602818249180564e+04
6.535588001388320117e+04
6.535595643752752949e+04
6.535580760198245116e+04
6.535589046747072280e+04
6.535573967341036769e+04
6.535579396446463215e+04
6.535564416018511110e+04
6.535573599964430468e+04
6.535561103607662517e+04
6.535568166049524734e+04
6.535552260725924134e+04
6.535552173364418559e+04
6.535535930910234310e+04
6.535544870418355276e+04
6.535528270118472574e+04
6.535535234523943654e+04
6.535518648639347521e+04
6.535524403009175148e+04
6.535509952437563334e+04
6.535519439587734814e+04
6.535503170458924433e+04
6.535510370925482130e+04
6.535496183387106430e+04
6.535501928751466039e+04
6.535487370971329074e+04
6.535494766193580290e+04
6.535479428304883186e+04
6.535486914573816466e+04
6.535473377678328688e+04
6.535480178923167841e+04
6.535466554123924288e+04
6.535473827233007614e+04
6.535458442554056091e+04
6.535467452666381723e+04
6.535452976184065483e+04
6.535464702851171751e+04
6.535450971590749396e+04
6.535459378609335545e+04
