6.371106075962154591e+02
6.337794169006874654e+02
4.155829668189015251e+02
3.390811432448859932e+02
2.865210371488875012e+02
2.461248737946655183e+02
2.134165695406007615e+02
1.861230992734214738e+02
1.628935258792612046e+02
1.428569136376420374e+02
1.254106899547906551e+02
1.101139260894790368e+02
9.663643262165916781e+01
8.472122045126702972e+01
7.416299401833757088e+01
6.479574620600344304e+01
5.648118958316607774e+01
4.910294374430170450e+01
4.256168624004605761e+01
3.677180418430803854e+01
3.165754422885505548e+01
2.715245267558859865e+01
2.319677790775599391e+01
1.973599211722923386e+01
1.672062081942157974e+01
1.410519606856837171e+01
1.184773493340196282e+01
9.909409102596914209e+00
8.254505225444345839e+00
6.849784015926021929e+00
5.664214776438364574e+00
4.669432282450973304e+00
3.839790892994935145e+00
3.152180610937601379e+00
2.585584178360516017e+00
2.120829568078696159e+00
1.741029150607689813e+00
1.431584446320776971e+00
1.179950103381813387e+00
9.758061475547211705e-01
8.103382976720663322e-01
6.759291900908257489e-01
5.664059009568731540e-01
4.769994012748390300e-01
4.037789809631996407e-01
3.435614695551177933e-01
2.938260644565436897e-01
2.525686293868115717e-01
2.181151498584218695e-01
1.891824557898178216e-01
1.647817607001348938e-01
1.440713956477017166e-01
1.263995880546672501e-01
1.112648843973109286e-01
9.826042796338388396e-02
8.704479857872399196e-02
7.733082728020508612e-02
6.889947471908948462e-02
6.156561450747031344e-02
5.516723697300392887e-02
4.956639377682547226e-02
4.465487190352009084e-02
4.034327827414922740e-02
3.655417360840220592e-02
3.322494293530391801e-02
3.029708334040939754e-02
2.771404577868142802e-02
2.542926830681802725e-02
2.340025229150518443e-02
2.159214054736611349e-02
1.997218958600460378e-02
1.851585153296029379e-02
1.720290423885275158e-02
1.601718376443306974e-02
1.494359455001844847e-02
1.397046140048307204e-02
1.308518960417752452e-02
1.227555640935310520e-02
1.153182742282554164e-02
1.084851979737499507e-02
1.022105575657294464e-02
9.645221416084101898e-03
9.116120560680941037e-03
8.628795662308954076e-03
8.180097736415287146e-03
7.767226822321752697e-03
7.388128229366457134e-03
7.038387012466057815e-03
6.715447124125537362e-03
6.415856060895078206e-03
6.137039053169781461e-03
5.877104855727258333e-03
5.634445636963417853e-03
5.407055761552324695e-03
5.193451553970821442e-03
4.992393423416422935e-03
4.803419187869807996e-03
4.625631903693322271e-03
4.457481705180501783e-03
4.298297021520779485e-03
4.147562020433103597e-03
4.004672665930931845e-03
3.869100760105206090e-03
3.740157290762963216e-03
3.617457481372026579e-03
3.500727979100306392e-03
3.389624031997627573e-03
3.284042798943829534e-03
3.183783552826768663e-03
3.088358225726429117e-03
2.997364307799658782e-03
2.910448556051496456e-03
2.827367835275718284e-03
2.748126290741852943e-03
2.672486273936223490e-03
2.600362057065123619e-03
2.531431585694668331e-03
2.465519486942166494e-03
2.402518931391305849e-03
2.342198489264836307e-03
2.284101896238449093e-03
2.228096213819361245e-03
2.174076531897332649e-03
2.121971912693813595e-03
2.071773657445899215e-03
2.023438193287917589e-03
1.976981465302329703e-03
1.932288350837148934e-03
1.889350571349756062e-03
1.847941836500973821e-03
1.807921841098305464e-03
1.769280447331027283e-03
1.731981697685023528e-03
1.695953759533310205e-03
1.661014716016758624e-03
1.627136632178213154e-03
1.594177920510528920e-03
1.562152270464703830e-03
1.531043926119776948e-03
1.500828692120574669e-03
1.471471973158885744e-03
1.442950253298035026e-03
1.415282255837931264e-03
1.388441212233587933e-03
1.362390144770375157e-03
1.337142477850943641e-03
1.312659411819921138e-03
1.288920482477650320e-03
1.265920152467733557e-03
1.243589713760610534e-03
1.221918595987520409e-03
