9.834766747373907492e+03
9.287233637317662215e+03
9.212165609460733322e+03
9.122160005482837732e+03
8.708454156362940921e+03
8.445043982744762616e+03
8.425939221702174109e+03
8.339555431331555155e+03
8.131699639193998337e+03
8.108580078106923793e+03
8.104628014193900526e+03
8.080998301314507444e+03
8.034717331554106750e+03
8.009563268791547671e+03
8.002762331141262621e+03
7.939684584145177723e+03
7.912755865181973604e+03
7.895062301052303155e+03
7.875102430517003995e+03
7.843700928406906314e+03
7.831736095418538753e+03
7.815639758016066480e+03
7.783094886580251114e+03
7.766802175573990098e+03
7.730304856855070284e+03
7.722602870953377533e+03
7.698721979131824810e+03
7.690945072855671242e+03
7.652558342044836536e+03
7.647764854572568765e+03
7.646579761054021219e+03
7.643825934260364193e+03
7.642812226208808170e+03
7.639560738112441868e+03
7.628939119874030439e+03
7.626806490889107408e+03
7.616203249997593957e+03
7.609450093539908266e+03
7.602265084864181517e+03
7.579090428604925364e+03
7.576910865949217623e+03
7.571174595103457250e+03
7.570651069430179632e+03
7.558396784474621199e+03
7.553349538653734271e+03
7.550114082627578682e+03
7.547757087384091392e+03
7.544802442199071265e+03
7.541877437095007735e+03
7.532959380315704038e+03
7.529684382119257862e+03
7.527024175961931178e+03
7.523154048740390863e+03
7.522684816337462507e+03
7.520716237132491187e+03
7.518220779891064012e+03
7.514735369309187263e+03
7.510953594649618935e+03
7.510369370151607654e+03
7.509812522995119252e+03
7.509979710461796458e+03
7.509747741757579206e+03
7.509091629054643818e+03
7.509214279268166138e+03
7.509477700635400652e+03
7.509314945616692967e+03
7.510121220893801365e+03
7.512910641901433337e+03
7.518610161939834143e+03
7.521331379801209550e+03
7.523248305638820966e+03
7.526830549512677862e+03
7.527166178458171998e+03
7.531352907349300949e+03
7.531701907378415854e+03
7.537589209476331234e+03
7.541719773528066071e+03
7.555103438994489807e+03
7.560637748788257340e+03
7.561560213245846171e+03
7.564760491981375708e+03
7.566695145024746125e+03
7.567452641604103519e+03
7.573654377807475612e+03
7.577366188214336034e+03
7.578012649129096644e+03
7.602342756489904787e+03
7.603093212982092155e+03
7.608988617819451974e+03
7.611074582828731764e+03
7.613590014748965586e+03
7.630276434939231876e+03
7.634351171675012665e+03
7.640818092105730102e+03
7.641847833398250259e+03
7.647154705301093600e+03
7.651287622060931426e+03
7.652054678133431480e+03
7.654567884501544540e+03
7.656531435798195162e+03
7.661792938922041685e+03
7.662997125106399835e+03
7.675941724618301123e+03
7.681131529807186780e+03
7.682228317280875672e+03
7.687152409515865656e+03
7.695581603224935861e+03
7.704122542180273740e+03
7.712470186486195416e+03
7.726012641207221350e+03
7.733006245864239645e+03
7.735466225082189339e+03
7.737759471631667111e+03
7.745605390715753856e+03
7.761073563779089454e+03
7.762630730494695854e+03
7.770382112688374036e+03
7.771956479714792295e+03
7.778926186520503506e+03
7.801230961288603794e+03
7.812840556398343324e+03
7.815983775927035822e+03
7.818892443927386012e+03
7.819831619229883472e+03
7.821558767847202034e+03
7.830021620819532473e+03
7.842559263231027217e+03
7.844074045507153642e+03
7.850900980390262703e+03
7.855425275603441150e+03
7.858932813348787022e+03
7.870669888466598422e+03
7.896648334718127444e+03
7.899586418717320157e+03
7.907797751171926393e+03
7.917831633732568662e+03
7.927012038859042150e+03
7.929960762116928890e+03
7.935426327609658074e+03
7.939580662253752962e+03
7.941165232906741949e+03
7.944391632975580251e+03
7.952018052767276458e+03
7.960226779641256144e+03
7.972639209981875865e+03
7.990857670813479672e+03
8.002471086429344723e+03
8.014113548449199698e+03
8.017561836514024435e+03
8.028135079743678034e+03
