6.336942340101960554e+02
3.000935335709869105e+04
3.175160261073969741e+04
3.188816812452274826e+04
3.182007607474152246e+04
3.186908380465141090e+04
3.181604953186010971e+04
3.183999015299636085e+04
3.187098771470579231e+04
3.179368415055279911e+04
3.178677026661725176e+04
3.193538480975321363e+04
3.180408669213790927e+04
3.171307230746195273e+04
3.170087272956388915e+04
3.181644278139834569e+04
3.184326851173633986e+04
3.164703343801125811e+04
3.174847424750050777e+04
3.185372051583880966e+04
3.177438013906440392e+04
3.179736500630242153e+04
3.186518123966719213e+04
3.176675466298085303e+04
3.197682870941941655e+04
3.187555032350261899e+04
3.187259193073061033e+04
3.172411498857282277e+04
3.185811073246960223e+04
3.185087356880824518e+04
3.180317842177771308e+04
3.181721435306673084e+04
3.176045046421886218e+04
3.183573677159904400e+04
3.174183817089660442e+04
3.180027084271950298e+04
3.188296167401198909e+04
3.185035847172055946e+04
3.181601628854786031e+04
3.179872797082163743e+04
3.192481056966652250e+04
3.190848096641778102e+04
3.176825765642834813e+04
3.178593104922354905e+04
3.186727656551840118e+04
3.195039891204404921e+04
3.189801151556459081e+04
3.176644435216225247e+04
3.182733695213416649e+04
3.194109041363980214e+04
3.185812075636730879e+04
3.187097524868744222e+04
3.178892601473248578e+04
3.184323314212608238e+04
3.184186045175574691e+04
3.175732402489479500e+04
3.190624054291865468e+04
3.188131280659788536e+04
3.182084714921645718e+04
3.191960403716770452e+04
3.179413366365081674e+04
3.175042373107722597e+04
3.195555478220569785e+04
3.191124559760271586e+04
3.188923421482019330e+04
3.167879444476112985e+04
3.183223247323909527e+04
3.183472669770008361e+04
3.187924668869570814e+04
3.193581275908147290e+04
3.167262594367087513e+04
3.181824576106847235e+04
3.178424346146171592e+04
3.197447069339803784e+04
3.177638396914342957e+04
3.191628106796202337e+04
3.190390716616677310e+04
3.186143600584135129e+04
3.177894015202343144e+04
3.184858114422385188e+04
3.181259248632031449e+04
3.178785804545245628e+04
3.172769526890883935e+04
3.167739152966601250e+04
3.190009971018465149e+04
3.181414424166627214e+04
3.167724154435732271e+04
3.188996308865900937e+04
3.188535969834833304e+04
3.184343605547430343e+04
3.168571475242388260e+04
3.172231496086411425e+04
3.190809732970589175e+04
3.168751125808833240e+04
3.188004676088688939e+04
3.175683693779214809e+04
3.178668834535659335e+04
3.189949328988320485e+04
3.180487913920083884e+04
3.174750847735094430e+04
3.176906251649606565e+04
3.174304809075328376e+04
3.185440732742063483e+04
3.182304203045992108e+04
3.188196575095716616e+04
3.177075055609330593e+04
3.190120101848691047e+04
3.196883505577100368e+04
3.179045265970813489e+04
3.197920788379420628e+04
3.190140077250950344e+04
3.167149448961761664e+04
3.180476667564003947e+04
3.178097340149240699e+04
3.189422941919525329e+04
3.190699261344587649e+04
3.179943547914713781e+04
3.175511564182672737e+04
3.189861409439366616e+04
3.179149827536797238e+04
3.185371683495806792e+04
3.179183219893547721e+04
3.184459350538055151e+04
3.175700510724190462e+04
3.172081469651745647e+04
3.183645987692038761e+04
3.167632274032819623e+04
3.170447600268027236e+04
3.190281041208318857e+04
3.182162914710936457e+04
3.163240819931315127e+04
3.183839837523903770e+04
3.183645352990244646e+04
3.198307420252268639e+04
3.172830885694881363e+04
3.171587881113642652e+04
3.159813639075062019e+04
3.174721095974884520e+04
3.186909356952282906e+04
3.191262516621822215e+04
3.173635131968621135e+04
3.186322265209941179e+04
3.182483284343944979e+04
3.187843891262269608e+04
3.187073962991626468e+04
3.199309781744221254e+04
3.192938934825334582e+04
3.173397907942780148e+04
3.177074001458626662e+04
3.186927594636929643e+04
3.204144978416548838e+04
