7.072904322565145776e+02
6.866449056368514903e+02
6.813675430201699328e+02
6.770588108519108346e+02
6.733684837724372301e+02
6.699480081883001503e+02
6.669877614592599002e+02
6.642117768163974461e+02
6.617439078677804218e+02
6.594331325340890544e+02
6.573278976476335629e+02
6.553343006802646187e+02
6.535096597638512321e+02
6.517633882261361578e+02
6.501566841883941379e+02
6.486124537017855118e+02
6.471749038061815327e+02
6.457832947703258242e+02
6.444846118978047116e+02
6.432194966672522014e+02
6.420266198299523239e+02
6.408719297911209196e+02
6.397728245257718527e+02
6.387168760163357319e+02
6.376895220807897431e+02
6.367052221288618057e+02
6.357495094768947865e+02
6.348512875524635319e+02
6.339708944587101769e+02
6.331540360090173181e+02
6.323693575549392563e+02
6.316099583826061235e+02
6.309123438891131173e+02
6.302360819041734885e+02
6.296546847415924049e+02
6.289822244844697252e+02
6.284709745817691555e+02
6.276963091135149853e+02
6.272083938897652615e+02
6.262797031514694481e+02
6.257686670858452089e+02
6.249358780303721232e+02
6.244570201802196152e+02
6.234288412997710793e+02
6.228159506592309071e+02
6.218564657649255878e+02
6.212432129080349341e+02
6.203766421000697164e+02
6.198507631715126536e+02
6.190756614670076488e+02
6.184610601032363775e+02
6.174772850858405491e+02
6.168747497121195238e+02
6.160978806242301289e+02
6.155368079875571539e+02
6.147869269720090415e+02
6.142436977668880900e+02
6.134785152878246208e+02
6.129587475021157843e+02
6.122894144801024368e+02
6.118044326341065471e+02
6.111921383705873723e+02
6.107319391636449382e+02
6.101261989039345508e+02
6.096789386157663557e+02
6.090752229417194030e+02
6.086542531016857538e+02
6.081136637141154324e+02
6.077418861420063649e+02
6.072679331550588131e+02
6.068935649234424545e+02
6.064162023134209676e+02
6.060453100087337361e+02
6.055898699188696810e+02
6.052041185991937482e+02
6.047610702458767946e+02
6.043897873584143099e+02
6.039781248921144652e+02
6.036117562926233404e+02
6.032252586470427786e+02
6.028699398176639761e+02
6.025014041913486835e+02
6.021448977656798434e+02
6.017928412864787333e+02
6.014448211706960592e+02
6.011027970989129017e+02
6.007662756161378184e+02
6.004356932643955815e+02
6.001111482615923478e+02
5.997893573949908159e+02
5.994734167112204659e+02
5.991604148568740129e+02
5.988462679973094964e+02
5.985477588304394203e+02
5.982446295309877087e+02
5.979523109524810707e+02
5.976645543460391536e+02
5.973753173539664658e+02
5.970924770325345889e+02
5.968106784465546752e+02
5.965391814332134572e+02
5.962672545018400569e+02
5.960019579525635436e+02
5.957387273830499907e+02
5.954822872148175747e+02
5.952276123034851025e+02
5.949754088630189699e+02
5.947272822256428526e+02
5.944796836572346592e+02
5.942368061924109952e+02
5.939941082993628925e+02
5.937553341138251426e+02
5.935159978810175971e+02
5.932798948398544781e+02
5.930445316322068265e+02
5.928118190308864541e+02
5.925798200561581552e+02
5.923497746225665423e+02
5.921215640496149035e+02
5.918940222598779428e+02
5.916687640284919780e+02
5.914446071299028063e+02
5.912226221293611843e+02
5.910012039358394986e+02
5.907809567594396185e+02
5.905622516538891205e+02
5.903452414436013669e+02
5.901296471216646751e+02
5.899149760849728636e+02
5.897010838752954669e+02
5.894886296523956162e+02
5.892771093349455214e+02
5.890673515250234686e+02
5.888586290166118715e+02
5.886502680346084162e+02
5.884441419187655811e+02
5.882389186551919238e+02
5.880341847775861197e+02
5.878312592729154176e+02
5.876288936003894605e+02
5.874280788800673463e+02
5.872280782269949668e+02
5.870293815117444183e+02
5.868317287045585999e+02
5.866346925353512916e+02
5.864385749732609838e+02
5.862440908770415717e+02
5.860504482796255843e+02
5.858580093254641952e+02
5.856654907249808275e+02
