6.280286762540785048e+02
1.157451090397348459e+01
2.133173055475472146e-01
9.222046589723860563e-09
1.048456262412918152e-08
7.956547459706367477e-09
7.350504392103136604e-09
1.028426567576006438e-08
7.954308912824671567e-09
8.439550005743781989e-09
7.932030308812826139e-09
7.249300886841290283e-09
5.536320755247674749e-09
6.431122325272361970e-09
6.616667252635880934e-09
4.700799088736637145e-09
5.976436867233798851e-09
4.910052739846308417e-09
4.544263786726727936e-09
5.912387668621990153e-09
5.159366470961428647e-09
5.168872965100530188e-09
5.740708581114548950e-09
2.996524729453265137e-09
4.835736057373167524e-09
3.927956108225081740e-09
2.504944715845919407e-09
3.659716693488961583e-09
3.261809797981100142e-09
2.568139570794565018e-09
3.830243215074351699e-09
2.808674489022137608e-09
1.933191072030413280e-09
2.411527240199706581e-09
3.310230763580871621e-09
3.329220852037601519e-09
2.858276419808078748e-09
1.649861511596918529e-09
9.393925953099775383e-10
1.024969195021207732e-09
2.340109133401526893e-09
2.290670799640602594e-09
1.338730104410846337e-09
1.899257761187492489e-09
1.817525766841503894e-09
9.344539343444259333e-10
1.511793549134038785e-09
6.816191308065544724e-10
9.913687871374943896e-10
1.014227474853487230e-09
4.315570976722641385e-10
1.090475331042828689e-09
3.796692384740708886e-10
1.635707681852073454e-09
6.539556947433120386e-10
6.958447142735168001e-10
1.317140356423025580e-09
4.682886248782037750e-10
1.198075206171260558e-09
6.974270933675055261e-10
1.420390490115018228e-09
1.015172673713994239e-09
8.091630268387181303e-10
9.162703411959211299e-10
1.849553142908611689e-09
1.588420139478503139e-09
8.482392111702223962e-10
6.053477687375154616e-10
1.564200677210447655e-10
4.017814927804285609e-10
2.006009765677170138e-10
3.993504696819443459e-10
8.826300058980145728e-10
1.416327890388569100e-11
1.416333249179505235e-11
1.416279170795097177e-11
1.416341032873309631e-11
1.416288823631405225e-11
1.416280565717463851e-11
1.416303476040754608e-11
1.416267606287216760e-11
1.416323948803151428e-11
1.416295624166095306e-11
1.416304830628762899e-11
1.416327000893736349e-11
1.416342144114263590e-11
1.416303458620237203e-11
1.416341249331624975e-11
1.416309494811033579e-11
1.416249393315228379e-11
1.416283505857197195e-11
1.416302613411193311e-11
1.416331797514679822e-11
1.416253478797374606e-11
1.416308000313725077e-11
1.416292519903167500e-11
1.416303550758363752e-11
1.416315923300620518e-11
1.416297323681120779e-11
1.416296298504963836e-11
1.416322730223269586e-11
1.416303215226283023e-11
1.416291833463613214e-11
1.416299865349833115e-11
1.416290269542881869e-11
1.416294115618744920e-11
1.416318551203256641e-11
1.416299253174324811e-11
1.416302164282256242e-11
1.416306282839860973e-11
1.416308248597144343e-11
1.416304667232975074e-11
1.416307463216655833e-11
1.416313978254005183e-11
1.416306448387435893e-11
1.416297713024190479e-11
1.416298848036452956e-11
1.416303858726857622e-11
1.416305563029010753e-11
1.416306366832403665e-11
1.416314445755004289e-11
1.416310732088571257e-11
1.416311343748855739e-11
1.416303376066629794e-11
1.416297610026301442e-11
1.416311583544236758e-11
1.416308874542175450e-11
1.416300964071737114e-11
1.416314274749587159e-11
1.416305068015534854e-11
1.416298797905962439e-11
1.416308677502248265e-11
1.416306340966108220e-11
1.416305270138445868e-11
1.416301723398350495e-11
1.416302821498097220e-11
1.416285643042782150e-11
1.416300028864716854e-11
1.416315307025603159e-11
1.416307426797747671e-11
1.416296451930234344e-11
1.416294427998324971e-11
1.416306838210831119e-11
1.416285735197863479e-11
1.416294827373286529e-11
1.416314666074154607e-11
1.416308387191613505e-11
1.416295099009405346e-11
1.416288827200891355e-11
1.416298183001545550e-11
1.416308658577305654e-11
