4.350803946388635879e+00
4.088141422467756136e+00
2.908359621859208932e+00
2.356692435762664406e+00
1.984945668009113540e+00
1.711871001003846260e+00
1.504813719741351363e+00
1.344115208804259609e+00
1.216235012593545495e+00
1.112046889165728025e+00
1.025339270207117348e+00
9.518805899534871218e-01
8.886413730944217049e-01
8.334842637610128113e-01
7.848236994184168980e-01
7.414858128417672889e-01
7.025091053396890217e-01
6.672034530169730360e-01
6.350278015430854683e-01
6.055149019219693285e-01
5.783157274121607516e-01
5.531097059699140450e-01
5.297387002492995878e-01
5.079520661253245084e-01
4.875754283956423851e-01
4.684638427804060923e-01
4.505063285048279687e-01
4.336371769692564104e-01
4.177730114049722498e-01
4.028235967754293378e-01
3.887356509738654209e-01
3.754906545869256540e-01
3.630373730133726884e-01
3.513147895601765880e-01
3.402446739921565211e-01
3.298224297644600789e-01
3.200091910753010138e-01
3.107082548187108939e-01
3.019270254923726027e-01
2.936746795016522693e-01
2.859401511805322871e-01
2.786977684165504732e-01
2.719037603352569832e-01
2.656210899564658279e-01
2.598165046401007539e-01
2.544292265123131447e-01
2.494800231525639012e-01
2.449070498389240846e-01
2.406736213263016566e-01
2.367768315125372558e-01
2.332103165087757723e-01
2.298637402317784684e-01
2.267532361450089740e-01
2.238064162547565017e-01
2.210103703188581736e-01
2.183638690328925103e-01
2.158664200224090779e-01
2.134976773725706378e-01
2.112146609674409037e-01
2.090109234823737117e-01
2.068634866203785672e-01
2.047633815410974112e-01
2.027477252185525547e-01
2.007865647754448202e-01
1.988896297521903778e-01
1.970328353480252925e-01
1.952400013533615586e-01
1.934886685710342502e-01
1.917908865258068918e-01
1.901493472852112121e-01
1.885555812954809451e-01
1.870028766936958631e-01
1.855073298393983272e-01
1.840509574904501955e-01
1.826457564310884352e-01
1.812861642839454501e-01
1.799688141360650251e-01
1.786972800654535454e-01
1.774671033148656485e-01
1.762702844174427463e-01
1.751108350039772277e-01
1.739909662272421942e-01
1.729070114250314538e-01
1.718520167494108630e-01
1.708329267360878534e-01
1.698445508146590455e-01
1.688896927786598390e-01
1.679626695511184931e-01
1.670673239357680084e-01
1.661924442247514899e-01
1.653494192933438467e-01
1.645334583278032503e-01
1.637402808793224085e-01
1.629724321139188192e-01
1.622243455688565095e-01
1.615007660118794042e-01
1.608044805672300681e-01
1.601293748637597769e-01
1.594720948469713906e-01
1.588351923271615340e-01
1.582134865539158719e-01
1.576179129024263270e-01
1.570378882567574630e-01
1.564773254545879788e-01
1.559334330742447872e-01
1.554059646363882274e-01
1.549045237767366356e-01
1.544142566935342575e-01
1.539346882557817708e-01
1.534795062866912696e-01
1.530363455003993511e-01
1.526072202264743272e-01
1.521951054490023325e-01
1.517925154450747716e-01
1.514062799865428799e-01
1.510383990919160202e-01
1.506866104824827746e-01
1.503386350076310607e-01
1.500090257956528395e-01
1.496878278310572741e-01
1.493844811274052109e-01
1.490856598925740517e-01
1.488025296502352712e-01
1.485377113317662423e-01
1.482769616461555584e-01
1.480268685197719813e-01
1.477901779431011198e-01
1.475606315668521185e-01
1.473433330999175950e-01
1.471376779797841094e-01
1.469407838876319317e-01
1.467535285752954999e-01
1.465757356229915320e-01
1.464055192937941952e-01
1.462503772792984602e-01
1.460964499678534256e-01
1.459520841432863092e-01
1.458160434780897408e-01
1.456923644369187976e-01
1.455770238733463673e-01
1.454653555349016414e-01
1.453726046486089052e-01
1.452769907838656338e-01
1.451898539980347458e-01
1.451165210113243287e-01
1.450458513571031838e-01
1.449787895938352555e-01
1.449287504837196705e-01
1.448781396235181429e-01
1.448355621710426533e-01
1.448046901908017214e-01
