6.869999999999999718e-02
8.970000000000000195e-02
8.187999999999999723e-01
8.618000000000000105e-01
8.656000000000000361e-01
8.629000000000000004e-01
8.707000000000000295e-01
8.768000000000000238e-01
8.810999999999999943e-01
8.808000000000000274e-01
8.818000000000000282e-01
8.784999999999999476e-01
8.841999999999999860e-01
8.851999999999999869e-01
8.838000000000000300e-01
8.811999999999999833e-01
8.903999999999999693e-01
8.894999999999999574e-01
8.914999999999999591e-01
8.934999999999999609e-01
8.951000000000000068e-01
8.983999999999999764e-01
8.959000000000000297e-01
8.922999999999999821e-01
8.914999999999999591e-01
8.950000000000000178e-01
8.975999999999999535e-01
8.980000000000000204e-01
8.983999999999999764e-01
9.000000000000000222e-01
8.989000000000000323e-01
9.003999999999999782e-01
8.994999999999999662e-01
9.013999999999999790e-01
9.016999999999999460e-01
8.972999999999999865e-01
9.002999999999999892e-01
8.995999999999999552e-01
8.981000000000000094e-01
9.016999999999999460e-01
9.041000000000000147e-01
9.043999999999999817e-01
9.042999999999999927e-01
9.023999999999999799e-01
9.032999999999999918e-01
9.040000000000000258e-01
9.032000000000000028e-01
9.015999999999999570e-01
9.005999999999999561e-01
9.031000000000000139e-01
9.015999999999999570e-01
9.040000000000000258e-01
9.058000000000000496e-01
9.052999999999999936e-01
9.042000000000000037e-01
9.062000000000000055e-01
9.058000000000000496e-01
9.074999999999999734e-01
9.076999999999999513e-01
9.059000000000000385e-01
9.066999999999999504e-01
9.072999999999999954e-01
9.060000000000000275e-01
9.060000000000000275e-01
9.064999999999999725e-01
9.073999999999999844e-01
9.078000000000000513e-01
9.069000000000000394e-01
9.062000000000000055e-01
9.102999999999999980e-01
9.085999999999999632e-01
9.102999999999999980e-01
9.070000000000000284e-01
9.083999999999999853e-01
9.081000000000000183e-01
9.088000000000000522e-01
9.100000000000000311e-01
9.095999999999999641e-01
9.109000000000000430e-01
9.092000000000000082e-01
9.096999999999999531e-01
9.091000000000000192e-01
9.105999999999999650e-01
9.109000000000000430e-01
9.111000000000000210e-01
9.091000000000000192e-01
9.111000000000000210e-01
9.108000000000000540e-01
9.104999999999999760e-01
9.100000000000000311e-01
9.096999999999999531e-01
9.092999999999999972e-01
9.110000000000000320e-01
9.104999999999999760e-01
9.109000000000000430e-01
9.112000000000000099e-01
9.105999999999999650e-01
9.094999999999999751e-01
9.102999999999999980e-01
9.096999999999999531e-01
9.102999999999999980e-01
9.114999999999999769e-01
9.109000000000000430e-01
9.112000000000000099e-01
9.106999999999999540e-01
9.110000000000000320e-01
9.112000000000000099e-01
9.102999999999999980e-01
9.103999999999999870e-01
9.100000000000000311e-01
9.104999999999999760e-01
9.103999999999999870e-01
9.110000000000000320e-01
9.112999999999999989e-01
9.122999999999999998e-01
9.127999999999999448e-01
9.114999999999999769e-01
9.116999999999999549e-01
9.115999999999999659e-01
9.114999999999999769e-01
9.100000000000000311e-01
9.102000000000000091e-01
9.100000000000000311e-01
9.104999999999999760e-01
9.095999999999999641e-01
9.110000000000000320e-01
9.112999999999999989e-01
9.112999999999999989e-01
9.110000000000000320e-01
9.112000000000000099e-01
9.118000000000000549e-01
9.126999999999999558e-01
9.115999999999999659e-01
9.109000000000000430e-01
9.098000000000000531e-01
9.112000000000000099e-01
9.111000000000000210e-01
9.110000000000000320e-01
9.109000000000000430e-01
9.113999999999999879e-01
9.112000000000000099e-01
9.112999999999999989e-01
9.114999999999999769e-01
9.112999999999999989e-01
9.109000000000000430e-01
9.105999999999999650e-01
9.105999999999999650e-01
9.110000000000000320e-01
9.121000000000000218e-01
9.115999999999999659e-01
9.113999999999999879e-01
