6.371106075962154591e+02
6.052793881113289309e+00
3.037137135594540904e-01
2.761739252575653447e-01
2.359192282750771086e-01
3.025933371446308806e-01
3.144511896008013174e-01
3.664682009014496034e-01
3.952936244842364388e-01
4.360303855334246026e-01
4.605699218150653418e-01
5.093639229604198793e-01
5.354307507806895794e-01
6.124053760649491585e-01
6.648302329338409145e-01
7.451010115994044503e-01
8.128255395136484429e-01
8.772243319128181227e-01
9.220947233839451584e-01
9.511215675214497178e-01
9.688106288831672686e-01
9.656792049006105438e-01
9.644239818809051679e-01
9.442193273183002722e-01
9.298334110228166915e-01
8.968303478259281869e-01
8.712635508392392314e-01
8.266148100746741889e-01
7.911439388350240964e-01
7.363949128147744272e-01
6.934109551853847586e-01
6.312723595913789509e-01
5.834232695228817045e-01
5.168700130812808879e-01
4.667670431084182670e-01
3.989407692754767254e-01
3.491712972083477196e-01
2.847048422284548241e-01
2.385720404577943987e-01
1.836881736214885374e-01
1.445042611670110944e-01
1.048371715483169958e-01
7.521161089579068981e-02
5.190588788846015739e-02
3.350870530892686300e-02
2.219702704293640555e-02
1.347224955932806167e-02
8.874363622591318473e-03
5.863978519739903618e-03
4.342363659403871042e-03
3.598526771213769824e-03
3.144479158188509538e-03
3.010240918433504127e-03
2.855505693034182495e-03
2.833878860625023248e-03
2.765304964300443862e-03
2.755141265143489643e-03
2.716133189110632885e-03
2.703792645110262519e-03
2.677240304844284366e-03
2.663113022969089676e-03
2.642635741122455022e-03
2.628005469363586290e-03
2.610783493609444318e-03
2.596425721838288223e-03
2.581159223148524803e-03
2.567390244999173850e-03
2.553435889494490817e-03
2.540350809891685647e-03
2.527384770784187919e-03
2.514994171829370607e-03
2.502838542169107637e-03
2.491114145689510371e-03
2.479662384089908848e-03
2.468557712044571438e-03
2.457729390001302597e-03
2.447202405351774600e-03
2.436936986621107953e-03
2.426939116608135393e-03
2.417189511749932938e-03
2.407682491610178312e-03
2.398405405503289956e-03
2.389353515418311640e-03
2.380515411311920869e-03
2.371883406700443266e-03
2.363450188367629233e-03
2.355209818783664168e-03
2.347152299572132644e-03
2.339272288526289545e-03
2.331565365271751934e-03
2.324022261877364652e-03
2.316638510032528568e-03
2.309409893269582549e-03
2.302331374396115148e-03
2.295397301445411403e-03
2.288602440538079364e-03
2.281942050437707308e-03
2.275410893143998709e-03
2.269003847210639222e-03
2.262717682192048538e-03
2.256549151217547653e-03
2.250494460992737925e-03
2.244549653741878103e-03
2.238712517419074940e-03
2.232978260422070239e-03
2.227345173669492348e-03
2.221810836941522874e-03
2.216372879824586757e-03
2.211026860648406325e-03
2.205770791650804932e-03
2.200602277922209839e-03
2.195516708440791061e-03
2.190514020712253703e-03
2.185590561156929793e-03
2.180743518662090884e-03
2.175972676636153767e-03
2.171275804290564559e-03
2.166650039139958635e-03
2.162093494503301502e-03
2.157606245459335430e-03
2.153185068933757308e-03
2.148828575511306776e-03
2.144535118897195405e-03
2.140302621386277679e-03
2.136129414035491288e-03
2.132013921405340792e-03
2.127955848380940970e-03
2.123953311448487265e-03
2.120003685319452741e-03
2.116107341988371533e-03
2.112262743076111660e-03
2.108468550827067613e-03
2.104724417811104815e-03
2.101028457184462173e-03
2.097378777015953752e-03
2.093775779900300133e-03
2.090218626633868516e-03
2.086705163360576699e-03
2.083235224323241527e-03
2.079807960584589659e-03
2.076421875698420631e-03
2.073076987641855103e-03
2.069771496509396728e-03
2.066504637216906234e-03
2.063275610386826418e-03
2.060084172143314581e-03
2.056929757304057881e-03
2.053811445800759160e-03
2.050728573597953349e-03
2.047679975337524886e-03
2.044665034014316735e-03
