1.887637494131980418e+02
9.935633307192753705e+01
8.162120269751095236e+01
7.504500538161248357e+01
6.875941456942160812e+01
6.605264927352784810e+01
6.361591481536851234e+01
6.291154629481427207e+01
6.243261054274042721e+01
6.288069738371086714e+01
6.283670606268164249e+01
6.493494140750574672e+01
6.540783461701499846e+01
7.009699764434719782e+01
7.147444991539063608e+01
7.825198667110308293e+01
7.964707208000699268e+01
8.681136258260193017e+01
8.626269060612695228e+01
9.253393686686239050e+01
9.008483805574576309e+01
9.556669781335183700e+01
9.157821902072720377e+01
9.652225519188777980e+01
9.121392586256880008e+01
9.538082922310833567e+01
8.891137730153396035e+01
9.197997513416028426e+01
8.462786993473724806e+01
8.643103155088292056e+01
7.862439222265808780e+01
7.920908765307292754e+01
7.138282876766390928e+01
7.089184319248337829e+01
6.342888336312149278e+01
6.200555082261018214e+01
5.522218640278759239e+01
5.308576675789903732e+01
4.723390761116400682e+01
4.472207976789852069e+01
3.997832418158505163e+01
3.747456733409912033e+01
3.393142681616303946e+01
3.177155506656196593e+01
2.938386015041284338e+01
2.778945466489745897e+01
2.633150713081487737e+01
2.531396328721630695e+01
2.448132486340303871e+01
2.388838650965951160e+01
2.342028936409859696e+01
2.307412067206482931e+01
2.279097573691326417e+01
2.256801429613106791e+01
2.237498818065206407e+01
2.221336165740449076e+01
2.206778775958226291e+01
2.193939481136388281e+01
2.182068511386287923e+01
2.171199049604571840e+01
2.160966233626693622e+01
2.151364414583456508e+01
2.142212391860376641e+01
2.133491817960781489e+01
2.125109478950066233e+01
2.117045909698789075e+01
2.109250604360830295e+01
2.101706754273273248e+01
2.094385050213086785e+01
2.087271832675681438e+01
2.080348668476957741e+01
2.073604621136002280e+01
2.067027191676270093e+01
2.060607585140504483e+01
2.054336665949946905e+01
2.048207211311750697e+01
2.042212198871530049e+01
2.036345675451397597e+01
2.030601931392081028e+01
2.024975900557241104e+01
2.019462817026326462e+01
2.014058323440211495e+01
2.008758309249303764e+01
2.003559005154536621e+01
1.998456885073241551e+01
1.993448632390520459e+01
1.988531093361308422e+01
1.983701323216763512e+01
1.978956526123024418e+01
1.974294033227132417e+01
1.969711348718202970e+01
1.965206082929240949e+01
1.960775956287205446e+01
1.956418800573976213e+01
1.952132569652675897e+01
1.947915304308337525e+01
1.943765131789001899e+01
1.939680265720941676e+01
1.935658995814560157e+01
1.931699667317528935e+01
1.927800705943874959e+01
1.923960601947127813e+01
1.920177906002801294e+01
1.916451207484533725e+01
1.912779161785287130e+01
1.909160464404623170e+01
1.905593866471017606e+01
1.902078161982589322e+01
1.898612207716494993e+01
1.895194883573341826e+01
1.891825115878255659e+01
1.888501874308359874e+01
1.885224137568939895e+01
1.881990939203779689e+01
1.878801333840573662e+01
1.875654389784828879e+01
1.872549221382989515e+01
1.869484976905018314e+01
1.866460826234888515e+01
1.863475948958778972e+01
1.860529567523216699e+01
1.857620916137842570e+01
1.854749260579315262e+01
1.851913880107181143e+01
1.849114075737238139e+01
1.846349172737964395e+01
1.843618504825890625e+01
1.840921433481069514e+01
1.838257341903152309e+01
1.835625620661008028e+01
1.833025684117805199e+01
1.830456955908912065e+01
1.827918871194487949e+01
1.825410883701890086e+01
1.822932462395770514e+01
1.820483077572087183e+01
1.818062219228282572e+01
1.815669394399008496e+01
1.813304117833189721e+01
1.810965923454380899e+01
1.808654356192771573e+01
1.806368959375323158e+01
1.804109300274626193e+01
1.801874950840570833e+01
1.799665489800850438e+01
1.797480505102898363e+01
1.795319597638975395e+01
1.793182372894908383e+01
1.791068450515419030e+01
1.788977462652988848e+01
1.786909046717967087e+01
