1.150194235091980914e+02
5.922336977540103931e+01
5.756032890360978627e+01
5.756016211455846587e+01
5.756004522197162743e+01
5.756003177324077313e+01
5.756005192406092874e+01
5.755993179721660624e+01
5.756005469865641544e+01
5.756005470508654298e+01
5.756005453881429190e+01
5.756005458072007741e+01
5.756005465115090658e+01
5.756005465120058773e+01
5.756005470209541386e+01
5.756005470209480990e+01
5.756005470207810504e+01
5.756005470209190378e+01
5.756005470209161246e+01
5.756005470209158403e+01
5.756005470209163377e+01
5.756005470209164798e+01
5.756005470209160535e+01
5.756005470209160535e+01
5.756005470209160535e+01
5.756005470209160535e+01
5.756005470209160535e+01
5.756005470209160535e+01
5.756005470209160535e+01
5.756005470209160535e+01
5.756005470209160535e+01
5.756005470209160535e+01
5.756005470209160535e+01
5.756005470209160535e+01
5.756005470209160535e+01
5.756005470209160535e+01
5.756005470209160535e+01
5.756005470209160535e+01
5.756005470209160535e+01
5.756005470209160535e+01
5.756005470209160535e+01
5.756005470209160535e+01
5.756005470209160535e+01
5.756005470209160535e+01
5.756005470209160535e+01
5.756005470209160535e+01
5.756005470209160535e+01
5.756005470209160535e+01
5.756005470209160535e+01
5.756005470209160535e+01
5.756005470209160535e+01
5.756005470209160535e+01
5.756005470209160535e+01
5.756005470209160535e+01
5.756005470209160535e+01
5.756005470209160535e+01
5.756005470209160535e+01
5.756005470209160535e+01
5.756005470209160535e+01
5.756005470209160535e+01
5.756005470209160535e+01
5.756005470209160535e+01
5.756005470209160535e+01
5.756005470209160535e+01
5.756005470209160535e+01
5.756005470209160535e+01
5.756005470209160535e+01
5.756005470209160535e+01
5.756005470209160535e+01
5.756005470209160535e+01
5.756005470209160535e+01
5.756005470209160535e+01
5.756005470209160535e+01
5.756005470209160535e+01
5.756005470209160535e+01
5.756005470209160535e+01
5.756005470209160535e+01
5.756005470209160535e+01
5.756005470209160535e+01
5.756005470209160535e+01
5.756005470209160535e+01
5.756005470209160535e+01
5.756005470209160535e+01
5.756005470209160535e+01
5.756005470209160535e+01
5.756005470209160535e+01
5.756005470209160535e+01
5.756005470209160535e+01
5.756005470209160535e+01
5.756005470209160535e+01
5.756005470209160535e+01
5.756005470209160535e+01
5.756005470209160535e+01
5.756005470209160535e+01
5.756005470209160535e+01
5.756005470209160535e+01
5.756005470209160535e+01
5.756005470209160535e+01
5.756005470209160535e+01
5.756005470209160535e+01
5.756005470209160535e+01
5.756005470209160535e+01
5.756005470209160535e+01
5.756005470209160535e+01
5.756005470209160535e+01
5.756005470209160535e+01
5.756005470209160535e+01
5.756005470209160535e+01
5.756005470209160535e+01
5.756005470209160535e+01
5.756005470209160535e+01
5.756005470209160535e+01
5.756005470209160535e+01
5.756005470209160535e+01
5.756005470209160535e+01
5.756005470209160535e+01
5.756005470209160535e+01
5.756005470209160535e+01
5.756005470209160535e+01
5.756005470209160535e+01
5.756005470209160535e+01
5.756005470209160535e+01
5.756005470209160535e+01
5.756005470209160535e+01
5.756005470209160535e+01
5.756005470209160535e+01
5.756005470209160535e+01
5.756005470209160535e+01
5.756005470209160535e+01
5.756005470209160535e+01
5.756005470209160535e+01
5.756005470209160535e+01
5.756005470209160535e+01
5.756005470209160535e+01
5.756005470209160535e+01
5.756005470209160535e+01
5.756005470209160535e+01
5.756005470209160535e+01
5.756005470209160535e+01
5.756005470209160535e+01
5.756005470209160535e+01
5.756005470209160535e+01
5.756005470209160535e+01
5.756005470209160535e+01
5.756005470209160535e+01
5.756005470209160535e+01
5.756005470209160535e+01
5.756005470209160535e+01
5.756005470209160535e+01
5.756005470209160535e+01
5.756005470209160535e+01
