1.330852973597792470e+03
1.082679938501316883e+03
9.940450693045067965e+02
9.053529029786546971e+02
7.293953078308859403e+02
7.235956725720126315e+02
7.069268636847066318e+02
7.035538883821041054e+02
6.525400393936687351e+02
6.355980046169822799e+02
6.275759797910225188e+02
6.230728430368541240e+02
6.176791121489220586e+02
6.149058200469509075e+02
6.132198131262875904e+02
6.126355986700788208e+02
6.124935194479709253e+02
6.104805731486490004e+02
6.095333814851196621e+02
6.077757216611635158e+02
6.055514624551531142e+02
6.046412560578355624e+02
6.043119719078183607e+02
6.027864838732546104e+02
6.004623277428003121e+02
6.000064339537220803e+02
5.990905546367819170e+02
5.970236627174853083e+02
5.969573903727717834e+02
5.959492860357723885e+02
5.957741403376808194e+02
5.953638545148560297e+02
5.947787785911024230e+02
5.946037360696827818e+02
5.931662349781554440e+02
5.909973372589794280e+02
5.901927285118919144e+02
5.898395400851825343e+02
5.897925077025399787e+02
5.844633874851027713e+02
5.843390100185544043e+02
5.837770129606655019e+02
5.835647759942166886e+02
5.833361530609919328e+02
5.828169156009014387e+02
5.813064662147004356e+02
5.812788383038350730e+02
5.798228574750330608e+02
5.788833519009546080e+02
5.786828872388555283e+02
5.779413314969618796e+02
5.766529006936436872e+02
5.760807151773772148e+02
5.748196330194546135e+02
5.742082209457641966e+02
5.741378378086310477e+02
5.737538372532000039e+02
5.717927296493933227e+02
5.717625391742847114e+02
5.707782822178962761e+02
5.700409989874649455e+02
5.688394725223147361e+02
5.684021139898368347e+02
5.671144527039192553e+02
5.668368934819134211e+02
5.663400596795881938e+02
5.662745984239534209e+02
5.652030133897653741e+02
5.646214990446962929e+02
5.644840245170349817e+02
5.644012553142999877e+02
5.636747128806147202e+02
5.636303551006063799e+02
5.629314574036832255e+02
5.623651697764414621e+02
5.615457905510720593e+02
5.614262694295897518e+02
5.612582990953527542e+02
5.600507155003836033e+02
5.597887896156823899e+02
5.594065082425781839e+02
5.593918114626123952e+02
5.583463218148226588e+02
5.582883378109684145e+02
5.567996809856921345e+02
5.566986580486817502e+02
5.562108830066481460e+02
5.549249205918605412e+02
5.547910319147148357e+02
5.545578240391701001e+02
5.540462479276734484e+02
5.539367088754120232e+02
5.535929617588329847e+02
5.533849378990050809e+02
5.525452119823733028e+02
5.513301798786625341e+02
5.513056891019916748e+02
5.512749987961333318e+02
5.507176165555753187e+02
5.503516287433815251e+02
5.502711280554304949e+02
5.500257390824167487e+02
5.495955806674010091e+02
5.493689934433102735e+02
5.492173385634722536e+02
5.487929118825418300e+02
5.480675035010295915e+02
5.478223372479093314e+02
5.475013370969970765e+02
5.474492178540000396e+02
5.468074178775873406e+02
5.465189122020768764e+02
5.464707088973676719e+02
5.461777991964621606e+02
5.455270302925658825e+02
5.449794791553861160e+02
5.447194747398423260e+02
5.444890413125010582e+02
5.443271762526354678e+02
5.442812282110947990e+02
5.439215397662294436e+02
5.436616975188401284e+02
5.434802266928880954e+02
5.433908906222635551e+02
5.432213227348285045e+02
5.431791304601664478e+02
5.423354838297505012e+02
5.422543424765260625e+02
5.421932168709738562e+02
5.420659078942881024e+02
5.419523454855050204e+02
5.417143439963282390e+02
5.415541140810814795e+02
5.411771660782004574e+02
5.405551788943914744e+02
5.404580603048481180e+02
5.404401163896721982e+02
5.403997442769568806e+02
5.402192969350020348e+02
5.401658786381238997e+02
5.397924322312654795e+02
5.397199541844121313e+02
5.396684787642312813e+02
5.394838334555031452e+02
5.394513002174118128e+02
5.389017699869707485e+02
5.385901175776924674e+02
5.385179939302568073e+02
5.383735770962182414e+02
5.382392625615080988e+02
