6.371106075962154591e+02
2.329033921030124077e+01
2.417079061524249450e+00
7.473173446883659699e-01
5.015018881609630830e-01
5.012489887640778630e-01
5.048732624518583734e-01
4.798601428941864921e-01
5.234686096323368787e-01
4.724420732924426991e-01
5.154672792131562709e-01
4.603249274753141718e-01
4.917052913113094670e-01
4.502116108348389600e-01
4.664406069282959200e-01
4.397561814316050532e-01
4.441284193917940937e-01
4.245499181008198231e-01
4.214050555107186069e-01
4.038482020373560522e-01
3.980357068462003767e-01
3.810100130195098744e-01
3.762174555278551824e-01
3.590778357531091425e-01
3.570963452950716710e-01
3.394617502488046501e-01
3.398232181489375670e-01
3.218427339848107804e-01
3.234424192314718227e-01
3.060832314295694467e-01
3.080826682512571302e-01
2.921760797529282527e-01
2.938062670414500199e-01
2.799063181167609216e-01
2.804737044678588531e-01
2.689320997834055427e-01
2.679071848453974392e-01
2.587964383348348441e-01
2.559397772421780903e-01
2.490877318429104148e-01
2.445825418977625731e-01
2.396649477894467195e-01
2.339834048259195887e-01
2.305806550701089697e-01
2.242291055858419146e-01
2.219086047495460734e-01
2.152817874034639867e-01
2.136826453177387286e-01
2.070423150087757624e-01
2.059172611042974221e-01
1.994253386799299532e-01
1.986214757367969208e-01
1.924031220943811793e-01
1.917973675331516026e-01
1.860277557357009615e-01
1.854747454233507398e-01
1.804029959836027652e-01
1.797316722390862875e-01
1.755549873823509799e-01
1.745816518427730224e-01
1.712888845891036571e-01
1.698449474577157781e-01
1.672107376955615787e-01
1.651835675249089808e-01
1.629111220349151179e-01
1.602887418089278815e-01
1.581676413549103488e-01
1.550541859918531384e-01
1.530160959896631756e-01
1.496002271749003187e-01
1.476707926704259877e-01
1.441523347695429780e-01
1.423697729510463583e-01
1.388861030750177250e-01
1.372422430019009931e-01
1.338344131818980931e-01
1.322632474237669387e-01
1.288902724894013807e-01
1.272923909818843291e-01
1.238738067813574401e-01
1.221495850817782003e-01
1.186063283217161785e-01
1.166827293597215709e-01
1.129654225196826262e-01
1.108078550816813390e-01
1.069017664471711565e-01
1.045107176083384104e-01
1.004325904169830891e-01
9.783514577983662419e-02
9.362322900710469409e-02
9.086271602652343238e-02
8.656686581920904067e-02
8.369644532177997198e-02
7.937263021830169574e-02
7.644778030431763349e-02
7.215181513957127923e-02
6.922698634591370470e-02
6.501075734471675749e-02
6.213746715455213676e-02
5.804638915793476628e-02
5.527100430106609424e-02
5.134324868255774055e-02
4.870661342246847963e-02
4.497365798219117583e-02
4.251093898709672192e-02
3.899765369985631891e-02
3.673652013791916388e-02
3.346219237397590751e-02
3.142285280375680528e-02
2.840196267305332770e-02
2.659625106126130983e-02
2.384023584767833853e-02
2.227228355788491224e-02
1.979080335245221242e-02
1.845817491809643648e-02
1.625889626900973300e-02
1.515339254727805784e-02
1.324096862114844918e-02
1.234984716522091221e-02
1.072327451709735244e-02
1.002924268880854737e-02
8.678984413217537275e-03
8.160350793390898361e-03
7.066645013449461901e-03
6.697667170652693396e-03
5.831338503059614077e-03
5.583787747401910105e-03
4.909875468228241946e-03
4.755552507685748172e-03
4.237901227322377583e-03
4.151104026235041128e-03
3.756362514413353997e-03
3.715507916090845381e-03
3.415428652468616762e-03
3.403722497641410803e-03
3.175734940550360187e-03
3.181019273263131948e-03
3.007667267326867566e-03
3.021717580554717734e-03
2.889724869847691471e-03
2.907327562572840224e-03
2.806624286720050231e-03
2.824694044066588475e-03
2.747627720164171668e-03
2.764503151865125696e-03
2.705271829775726406e-03
2.720173056910150412e-03
2.674384163002986245e-03
2.687056862915041672e-03
2.651397353570762293e-03
2.661878040558633175e-03
