1.044999999999999957e-01
1.716999999999999915e-01
8.367999999999999883e-01
8.534000000000000474e-01
8.612999999999999545e-01
8.669999999999999929e-01
8.709000000000000075e-01
8.731999999999999762e-01
8.757000000000000339e-01
8.774999999999999467e-01
8.790000000000000036e-01
8.799000000000000155e-01
8.810999999999999943e-01
8.820000000000000062e-01
8.829000000000000181e-01
8.839000000000000190e-01
8.848000000000000309e-01
8.850999999999999979e-01
8.860000000000000098e-01
8.862999999999999767e-01
8.870999999999999996e-01
8.879000000000000226e-01
8.881999999999999895e-01
8.891000000000000014e-01
8.897000000000000464e-01
8.903999999999999693e-01
8.908000000000000362e-01
8.911000000000000032e-01
8.915999999999999481e-01
8.914999999999999591e-01
8.921999999999999931e-01
8.927000000000000490e-01
8.930000000000000160e-01
8.931000000000000050e-01
8.932999999999999829e-01
8.939000000000000279e-01
8.941999999999999948e-01
8.943999999999999728e-01
8.944999999999999618e-01
8.944999999999999618e-01
8.944999999999999618e-01
8.948000000000000398e-01
8.949000000000000288e-01
8.949000000000000288e-01
8.951000000000000068e-01
8.951999999999999957e-01
8.951999999999999957e-01
8.951999999999999957e-01
8.952999999999999847e-01
8.954999999999999627e-01
8.957000000000000517e-01
8.958000000000000407e-01
8.960000000000000187e-01
8.960000000000000187e-01
8.960000000000000187e-01
8.965999999999999526e-01
8.970000000000000195e-01
8.970000000000000195e-01
8.971999999999999975e-01
8.971999999999999975e-01
8.972999999999999865e-01
8.972999999999999865e-01
8.977000000000000535e-01
8.979000000000000314e-01
8.982999999999999874e-01
8.983999999999999764e-01
8.984999999999999654e-01
8.987000000000000544e-01
8.987000000000000544e-01
8.985999999999999543e-01
8.985999999999999543e-01
8.987000000000000544e-01
8.989000000000000323e-01
8.989000000000000323e-01
8.990000000000000213e-01
8.991000000000000103e-01
8.991000000000000103e-01
8.994999999999999662e-01
8.997000000000000552e-01
8.997000000000000552e-01
8.997000000000000552e-01
8.999000000000000332e-01
8.999000000000000332e-01
9.002000000000000002e-01
9.002999999999999892e-01
9.004999999999999671e-01
9.004999999999999671e-01
9.005999999999999561e-01
9.005999999999999561e-01
9.004999999999999671e-01
9.006999999999999451e-01
9.008000000000000451e-01
9.009000000000000341e-01
9.010000000000000231e-01
9.010000000000000231e-01
9.010000000000000231e-01
9.012000000000000011e-01
9.012000000000000011e-01
9.012999999999999901e-01
9.013999999999999790e-01
9.014999999999999680e-01
9.015999999999999570e-01
9.016999999999999460e-01
9.016999999999999460e-01
9.015999999999999570e-01
9.016999999999999460e-01
9.016999999999999460e-01
9.016999999999999460e-01
9.018000000000000460e-01
9.016999999999999460e-01
9.018000000000000460e-01
9.018000000000000460e-01
9.018000000000000460e-01
9.018000000000000460e-01
9.019000000000000350e-01
9.022000000000000020e-01
9.022000000000000020e-01
9.022000000000000020e-01
9.022999999999999909e-01
9.023999999999999799e-01
9.024999999999999689e-01
9.024999999999999689e-01
9.024999999999999689e-01
9.024999999999999689e-01
9.026999999999999469e-01
9.028000000000000469e-01
9.029000000000000359e-01
9.030000000000000249e-01
9.030000000000000249e-01
9.032000000000000028e-01
9.030000000000000249e-01
9.032000000000000028e-01
9.034999999999999698e-01
9.035999999999999588e-01
9.036999999999999478e-01
9.038000000000000478e-01
9.038000000000000478e-01
9.038000000000000478e-01
9.038000000000000478e-01
9.039000000000000368e-01
9.039000000000000368e-01
9.039000000000000368e-01
9.040000000000000258e-01
9.040000000000000258e-01
9.041000000000000147e-01
9.042999999999999927e-01
9.042000000000000037e-01
9.043999999999999817e-01
9.044999999999999707e-01
9.044999999999999707e-01
9.044999999999999707e-01
