1.026999999999999996e-01
5.764000000000000234e-01
8.246999999999999886e-01
8.678000000000000158e-01
8.701999999999999735e-01
8.698000000000000176e-01
8.731999999999999762e-01
8.839000000000000190e-01
8.840000000000000080e-01
8.840000000000000080e-01
8.846000000000000529e-01
8.883999999999999675e-01
8.885999999999999455e-01
8.913999999999999702e-01
8.918000000000000371e-01
8.937000000000000499e-01
8.937000000000000499e-01
8.931999999999999940e-01
8.935999999999999499e-01
8.939000000000000279e-01
8.990000000000000213e-01
8.989000000000000323e-01
8.993999999999999773e-01
8.990000000000000213e-01
9.000000000000000222e-01
9.001000000000000112e-01
8.991999999999999993e-01
9.001000000000000112e-01
8.999000000000000332e-01
9.001000000000000112e-01
8.995999999999999552e-01
9.015999999999999570e-01
9.009000000000000341e-01
9.010000000000000231e-01
9.023999999999999799e-01
9.032999999999999918e-01
9.040000000000000258e-01
9.035999999999999588e-01
9.031000000000000139e-01
9.051000000000000156e-01
9.035999999999999588e-01
9.040000000000000258e-01
9.058000000000000496e-01
9.061000000000000165e-01
9.062999999999999945e-01
9.064999999999999725e-01
9.092000000000000082e-01
9.049000000000000377e-01
9.066999999999999504e-01
9.080000000000000293e-01
9.091000000000000192e-01
9.085999999999999632e-01
9.084999999999999742e-01
9.066999999999999504e-01
9.074999999999999734e-01
9.080000000000000293e-01
9.101000000000000201e-01
9.086999999999999522e-01
9.068000000000000504e-01
9.089000000000000412e-01
9.092000000000000082e-01
9.102000000000000091e-01
9.115999999999999659e-01
9.103999999999999870e-01
9.111000000000000210e-01
9.099000000000000421e-01
9.103999999999999870e-01
9.104999999999999760e-01
9.106999999999999540e-01
9.091000000000000192e-01
9.094999999999999751e-01
9.105999999999999650e-01
9.109000000000000430e-01
9.112999999999999989e-01
9.108000000000000540e-01
9.092999999999999972e-01
9.098000000000000531e-01
9.092999999999999972e-01
9.104999999999999760e-01
9.102999999999999980e-01
9.105999999999999650e-01
9.105999999999999650e-01
9.106999999999999540e-01
9.098000000000000531e-01
9.112000000000000099e-01
9.108000000000000540e-01
9.110000000000000320e-01
9.120000000000000329e-01
9.123999999999999888e-01
9.133000000000000007e-01
9.136999999999999567e-01
9.135999999999999677e-01
9.127999999999999448e-01
9.134999999999999787e-01
9.127999999999999448e-01
9.121000000000000218e-01
9.124999999999999778e-01
9.130000000000000338e-01
9.133000000000000007e-01
9.134999999999999787e-01
9.136999999999999567e-01
9.139000000000000457e-01
9.134999999999999787e-01
9.137999999999999456e-01
9.144999999999999796e-01
9.153000000000000025e-01
9.150000000000000355e-01
9.153000000000000025e-01
9.154999999999999805e-01
9.162000000000000144e-01
9.154999999999999805e-01
9.137999999999999456e-01
9.135999999999999677e-01
9.135999999999999677e-01
9.155999999999999694e-01
9.151000000000000245e-01
9.147999999999999465e-01
9.149000000000000465e-01
9.151000000000000245e-01
9.137999999999999456e-01
9.139000000000000457e-01
9.135999999999999677e-01
9.142000000000000126e-01
9.150000000000000355e-01
9.152000000000000135e-01
9.150000000000000355e-01
9.151000000000000245e-01
9.150000000000000355e-01
9.156999999999999584e-01
9.154999999999999805e-01
9.153000000000000025e-01
9.153000000000000025e-01
9.157999999999999474e-01
9.161000000000000254e-01
9.163999999999999924e-01
9.163000000000000034e-01
9.157999999999999474e-01
9.153999999999999915e-01
9.151000000000000245e-01
9.154999999999999805e-01
9.157999999999999474e-01
9.159000000000000474e-01
9.160000000000000364e-01
9.154999999999999805e-01
9.153000000000000025e-01
9.153000000000000025e-01
9.156999999999999584e-01
9.172000000000000153e-01
9.163000000000000034e-01
9.165999999999999703e-01
9.159000000000000474e-01
