1.887637494131980418e+02
1.383657248727139404e+02
5.583722486685272202e+01
2.956180800542730580e+01
2.625124216463326121e+01
2.596923811172368346e+01
2.422376341894471707e+01
2.266839920066504632e+01
2.228501294108100694e+01
2.043992898760920696e+01
1.942529226799270248e+01
1.942107287411487349e+01
1.877250607908700530e+01
1.841554610249794521e+01
1.822499542595163291e+01
1.773838241520157410e+01
1.766035479233487493e+01
1.771085508012605558e+01
1.757111600056907719e+01
1.740455601463283841e+01
1.735863688936614579e+01
1.761174918919235921e+01
1.761362051206993939e+01
1.762544724636684279e+01
1.771358179111754083e+01
1.738234811698202975e+01
1.763095487709079379e+01
1.750318374310552727e+01
1.756196817487230533e+01
1.753630578024000641e+01
1.755358591230389820e+01
1.731175098552953173e+01
1.726771748180527410e+01
1.730261608125299588e+01
1.730050584211413423e+01
1.741298528186000283e+01
1.744010907042715530e+01
1.721322209875923193e+01
1.724192199529841929e+01
1.719110790860673177e+01
1.725257060408381804e+01
1.720919858935659619e+01
1.707221113780995125e+01
1.711358148578671390e+01
1.701126434409383137e+01
1.717769222644250604e+01
1.705356742694769778e+01
1.715207775761810538e+01
1.710533365509336079e+01
1.708305497159147635e+01
1.707253267017889797e+01
1.708280632031967272e+01
1.708351120147888480e+01
1.703215877105543541e+01
1.703501599891723117e+01
1.706394145513135641e+01
1.708420587686263303e+01
1.703260459417451855e+01
1.703759668697484386e+01
1.709545351588422690e+01
1.715023263375641704e+01
1.712423257845923885e+01
1.707628897754668174e+01
1.701563965329038908e+01
1.706721471568324233e+01
1.702877952650661086e+01
1.701191842243384400e+01
1.708128692454935305e+01
1.704638619445556103e+01
1.701107776248789705e+01
1.706442848262775414e+01
1.706023361978914465e+01
1.703211523603489042e+01
1.705335866833996761e+01
1.702551090180643811e+01
1.701370132363906507e+01
1.708526609368600191e+01
1.708905770559859860e+01
1.703619576883123088e+01
1.708592691952495457e+01
1.706123027604568065e+01
1.706181715714893343e+01
1.709824308816019567e+01
1.707591096514307694e+01
1.709305793547837737e+01
1.708414899623553396e+01
1.708300235249913968e+01
1.703178934979044712e+01
1.707095887474337204e+01
1.706976690918535766e+01
1.705709609187653442e+01
1.705955611748365186e+01
1.705678111723872803e+01
1.706472095491545105e+01
1.711443965335564243e+01
1.706959632697549267e+01
1.707422583785340819e+01
1.707349004214448485e+01
1.705523583264773535e+01
1.705921626944224201e+01
1.709689919092285493e+01
1.709067636958651804e+01
1.705991914088105688e+01
1.708780203688268884e+01
1.707659916115388654e+01
1.708537662253650069e+01
1.711533626056684554e+01
1.711526921111458321e+01
1.711615341777415722e+01
1.714207654816147652e+01
1.713204850254593836e+01
1.714577398987321644e+01
1.713752500774642940e+01
1.714024991100354356e+01
1.714767818340837735e+01
1.714020060456845229e+01
1.716441431322781597e+01
1.716056513421974117e+01
1.716599243022130850e+01
1.717162027736177521e+01
1.718288836947523990e+01
1.719337377324697513e+01
1.720565948819448465e+01
1.721285270842870219e+01
1.722998138074013852e+01
1.722696052151600554e+01
1.724263423414600993e+01
1.723525764501102486e+01
1.722530433999272859e+01
1.723545541996336183e+01
1.724105181964618794e+01
1.725297503698049439e+01
1.725977470065232566e+01
1.727305210076077557e+01
1.726029905097756867e+01
1.730045412432063401e+01
1.727428046895795077e+01
1.727354299445398667e+01
1.729499579760253880e+01
1.730479315640059212e+01
1.730955367964184788e+01
1.729239487829608990e+01
1.729325417667191545e+01
1.729763822425142905e+01
1.731279400741077978e+01
1.730459957079592570e+01
1.731880600408163673e+01
1.732406005015746686e+01
1.732580694042028568e+01
1.732967691242820152e+01
1.733760592825584013e+01
